//100 100 0.7
97 199 299 405 519 636 757 890 1034 1187 1352 1530 1719 1925 2147 2385 2639 2910 3198 3502 3823 4163 4521 4891 5277 5679 6091 6518 6948 7393 7842 8290 8743 9189 9634 10072 10498 10914 11312 11690 12046 12376 12682 12957 13203 13410 13584 13721 13819 13879 13899 13878 13821 13724 13582 13410 13202 12957 12682 12378 12045 11689 11308 10913 10501 10070 9633 9191 8739 8290 7837 7395 6950 6515 6089 5678 5276 4892 4516 4161 3819 3501 3194 2901 2630 2377 2137 1913 1703 1509 1327 1161 1001 854 713 586 460 342 227 114 
196 399 603 816 1040 1274 1524 1792 2080 2387 2717 3074 3461 3874 4322 4799 5308 5856 6431 7048 7695 8378 9093 9843 10621 11426 12259 13113 13987 14875 15775 16681 17589 18496 19387 20269 21129 21958 22760 23523 24239 24909 25521 26079 26567 26989 27339 27613 27811 27930 27972 27934 27811 27613 27337 26988 26568 26079 25522 24909 24240 23525 22761 21960 21126 20272 19387 18493 17591 16682 15774 14873 13986 13114 12257 11427 10617 9839 9089 8372 7687 7037 6420 5841 5291 4778 4296 3844 3429 3034 2671 2331 2013 1718 1436 1176 924 684 453 227 
298 602 914 1236 1574 1931 2310 2712 3148 3616 4117 4661 5244 5873 6546 7271 8047 8873 9748 10680 11663 12698 13783 14918 16096 17319 18579 19875 21199 22546 23907 25283 26659 28028 29386 30717 32021 33283 34495 35654 36739 37751 38684 39521 40263 40904 41435 41852 42152 42333 42395 42334 42152 41853 41434 40903 40264 39521 38683 37753 36739 35651 34495 33282 32023 30717 29386 28029 26657 25284 23906 22545 21196 19872 18575 17313 16094 14910 13778 12688 11651 10667 9731 8851 8019 7240 6512 5829 5193 4602 4045 3532 3053 2602 2177 1778 1399 1037 686 341 
402 815 1236 1675 2128 2610 3123 3670 4258 4888 5572 6302 7094 7943 8856 9836 10885 11999 13189 14446 15775 17174 18644 20177 21772 23426 25130 26882 28672 30493 32337 34200 36059 37912 39747 41551 43309 45018 46656 48219 49692 51062 52320 53455 54460 55324 56042 56606 57012 57261 57336 57260 57013 56606 56040 55323 54461 53455 52319 51061 49692 48220 46658 45020 43310 41550 39745 37911 36058 34195 32339 30492 28670 26878 25128 23418 21763 20169 18631 17165 15759 14424 13163 11972 10847 9793 8806 7884 7024 6221 5479 4777 4126 3517 2947 2406 1892 1402 924 460 
516 1038 1572 2127 2712 3323 3975 4671 5420 6224 7091 8024 9027 10111 11272 12519 13853 15275 16783 18387 20082 21860 23733 25679 27712 29817 31985 34217 36495 38815 41166 43525 45893 48252 50588 52888 55124 57297 59390 61376 63248 64992 66593 68040 69316 70416 71328 72050 72565 72876 72983 72876 72569 72048 71329 70416 69320 68039 66594 64994 63247 61376 59386 57299 55128 52884 50589 48254 45893 43525 41159 38814 36492 34213 31980 29810 27704 25669 23719 21845 20061 18364 16754 15236 13806 12469 11209 10034 8942 7918 6968 6079 5251 4478 3747 3064 2409 1783 1175 586 
631 1270 1928 2609 3325 4074 4876 5730 6645 7636 8692 9840 11072 12402 13822 15351 16985 18731 20583 22547 24625 26807 29100 31494 33981 36562 39223 41959 44751 47596 50475 53373 56277 59173 62032 64849 67596 70262 72823 75257 77555 79693 81656 83430 84996 86346 87464 88347 88982 89363 89491 89364 88979 88346 87465 86346 84997 83430 81656 79694 77558 75258 72822 70264 67596 64849 62033 59170 56277 53374 50471 47590 44748 41951 39217 36554 33972 31478 29082 26787 24600 22515 20549 18685 16933 15287 13748 12309 10963 9712 8544 7456 6442 5490 4599 3755 2953 2185 1445 718 
755 1523 2305 3122 3974 4877 5828 6855 7951 9129 10401 11768 13244 14832 16537 18363 20318 22402 24620 26969 29452 32065 34806 37667 40644 43732 46914 50185 53526 56928 60371 63838 67310 70769 74198 77562 80850 84033 87097 90012 92759 95317 97663 99783 101659 103270 104609 105663 106423 106882 107035 106881 106422 105661 104612 103270 101655 99785 97667 95317 92759 90011 87097 84035 80850 77561 74192 70770 67310 63836 60367 56925 53523 50178 46906 43720 40632 37653 34786 32043 29423 26933 24572 22349 20254 18287 16442 14720 13115 11617 10219 8918 7703 6565 5498 4492 3532 2614 1724 859 
888 1787 2713 3669 4671 5728 6854 8054 9344 10728 12222 13833 15564 17430 19433 21580 23879 26327 28934 31694 34610 37681 40903 44265 47766 51391 55134 58972 62902 66896 70944 75017 79100 83163 87187 91143 95006 98750 102347 105773 109001 112004 114764 117256 119457 121351 122924 124162 125053 125593 125772 125593 125053 124163 122926 121353 119458 117255 114764 112005 109000 105774 102347 98750 95006 91144 87190 83163 79099 75015 70940 66892 62895 58967 55124 51378 47751 44247 40882 37652 34573 31653 28882 26262 23803 21488 19323 17302 15412 13651 12012 10482 9053 7720 6461 5280 4152 3073 2029 1008 
1029 2075 3147 4256 5420 6647 7949 9342 10839 12446 14177 16045 18055 20216 22542 25031 27698 30536 33559 36763 40146 43707 47443 51345 55400 59607 63944 68399 72952 77592 82282 87008 91739 96453 101121 105711 110188 114529 118703 122676 126417 129903 133102 135991 138543 140741 142569 144005 145038 145660 145872 145660 145039 144001 142567 140742 138543 135988 133103 129903 126418 122674 118703 114531 110187 105710 101119 96452 91737 87006 82278 77582 72947 68393 63933 59591 55385 51320 47412 43673 40105 36710 33497 30463 27608 24926 22415 20068 17877 15835 13931 12158 10501 8952 7497 6121 4816 3562 2352 1171 
1181 2385 3611 4887 6222 7633 9131 10728 12444 14291 16285 18423 20730 23215 25882 28747 31800 35066 38533 42210 46098 50186 54474 58950 63611 68440 73421 78536 83767 89087 94474 99901 105332 110745 116102 121370 126512 131499 136286 140848 145147 149144 152818 156135 159066 161590 163684 165332 166518 167238 167475 167236 166517 165331 163685 161590 159066 156134 152819 149144 145146 140850 136286 131496 126513 121367 116101 110742 105332 99897 94471 89081 83757 78527 73408 68424 63593 58925 54442 50146 46048 42152 38466 34981 31701 28621 25739 23042 20527 18185 15999 13963 12060 10280 8606 7030 5527 4092 2704 1344 
1350 2714 4118 5569 7085 8695 10399 12221 14178 16280 18546 20985 23616 26444 29484 32740 36226 39939 43894 48081 52507 57162 62047 67146 72454 77953 83626 89449 95406 101466 107601 113780 119969 126134 132234 138231 144090 149762 155222 160413 165310 169866 174047 177821 181164 184034 186422 188297 189649 190463 190740 190467 189648 188300 186420 184038 181161 177822 174048 169867 165309 160416 155224 149765 144088 138234 132232 126131 119967 113775 107596 101462 95397 89440 83610 77932 72432 67116 62011 57119 52452 48014 43812 39844 36108 32601 29318 26250 23384 20712 18221 15905 13737 11709 9809 8007 6297 4661 3078 1530 
1524 3073 4660 6300 8022 9836 11769 13832 16042 18424 20987 23748 26722 29924 33360 37049 40989 45194 49664 54405 59409 64678 70203 75976 81978 88198 94618 101210 107949 114805 121745 128734 135735 142709 149609 156395 163024 169448 175614 181493 187027 192184 196914 201187 204962 208214 210912 213038 214565 215489 215798 215487 214566 213033 210916 208215 204963 201188 196916 192183 187028 181492 175617 169445 163021 156395 149612 142708 135731 128732 121742 114795 107938 101195 94600 88180 81952 75941 70163 64630 59348 54330 49572 45085 40856 36892 33174 29699 26458 23438 20618 17995 15546 13251 11094 9063 7125 5276 3484 1732 
1717 3459 5240 7091 9026 11071 13243 15566 18052 20732 23615 26722 30070 33670 37538 41687 46122 50852 55884 61211 66846 72778 78990 85485 92238 99237 106457 113872 121452 129167 136975 144841 152716 160560 168322 175959 183410 190637 197579 204191 210418 216215 221539 226343 230595 234251 237288 239675 241398 242432 242780 242433 241395 239674 237289 234253 230594 226343 221538 216216 210416 204188 197577 190638 183415 175956 168321 160557 152713 144833 136967 129157 121441 113858 106439 99211 92210 85445 78943 72718 66777 61129 55779 50729 45975 41511 37328 33420 29770 26374 23205 20250 17491 14911 12489 10193 8020 5934 3919 1948 
1923 3871 5870 7940 10109 12395 14830 17428 20218 23212 26443 29924 33668 37703 42032 46677 51643 56939 62574 68542 74847 81483 88442 95710 103275 111111 119195 127494 135984 144617 153358 162162 170981 179762 188452 196999 205347 213435 221206 228604 235580 242068 248026 253409 258163 262259 265657 268329 270259 271419 271808 271419 270256 268329 265656 262260 258164 253409 248026 242068 235579 228605 221206 213435 205344 197002 188453 179761 170974 162160 153350 144605 135968 127478 119172 111085 103240 95669 88392 81419 74769 68445 62456 56799 51475 46479 41797 37420 33337 29532 25982 22674 19587 16697 13980 11418 8977 6647 4389 2182 
2146 4316 6544 8853 11271 13822 16533 19434 22537 25884 29482 33360 37540 42034 46863 52040 57574 63479 69757 76411 83443 90840 98596 106699 115131 123866 132873 142127 151590 161211 170956 180773 190597 200386 210078 219601 228903 237920 246580 254830 262602 269834 276478 282471 287776 292336 296129 299106 301253 302546 302982 302547 301252 299105 296130 292338 287775 282473 276478 269836 262599 254827 246582 237916 228901 219601 210071 200384 190596 180762 170949 161202 151572 142109 132848 123831 115090 106654 98536 90767 83354 76303 69629 63325 57390 51818 46598 41719 37166 32923 28969 25281 21840 18612 15592 12730 10014 7410 4891 2432 
2380 4796 7271 9832 12516 15350 18363 21577 25032 28743 32739 37047 41686 46678 52037 57787 63933 70490 77462 84849 92655 100869 109481 118479 127835 137534 147539 157811 168314 178999 189822 200716 211626 222496 233250 243827 254154 264161 273778 282937 291565 299596 306970 313626 319513 324581 328783 332094 334474 335914 336396 335916 334473 332094 328783 324579 319513 313625 306970 299597 291565 282934 273778 264165 254151 243825 233247 222490 211622 200707 189811 178989 168297 157790 147511 137501 127797 118421 109417 100787 92557 84730 77318 70318 63727 57540 51746 46326 41273 36560 32169 28075 24250 20672 17311 14136 11117 8229 5432 2701 
2635 5305 8043 10878 13849 16985 20313 23876 27694 31802 36225 40990 46119 51645 57575 63933 70735 77985 85698 93872 102505 111593 121121 131071 141424 152152 163220 174583 186204 198025 209988 222043 234110 246134 258029 269729 281153 292222 302859 312989 322533 331414 339574 346935 353448 359050 363701 367361 369997 371589 372121 371587 369996 367365 363702 359051 353449 346936 339574 331416 322533 312990 302860 292222 281149 269730 258025 246127 234109 222034 209977 198007 186183 174558 163189 152114 141378 131015 121047 111506 102397 93739 85540 77796 70504 63659 57251 51257 45663 40450 35590 31061 26833 22872 19154 15640 12302 9102 6013 2988 
2904 5851 8867 11997 15270 18728 22401 26324 30536 35063 39940 45191 50852 56937 63481 70492 77986 85981 94482 103494 113011 123029 133532 144505 155917 167742 179942 192471 205276 218306 231501 244783 258092 271339 284456 297352 309941 322147 333872 345038 355552 365350 374336 382454 389632 395806 400938 404970 407876 409628 410214 409628 407877 404969 400935 395808 389632 382454 374343 365346 355556 345035 333871 322144 309941 297349 284449 271336 258080 244772 231486 218290 205257 192441 179905 167701 155863 144439 133452 122930 112892 103348 94307 85772 77735 70189 63118 56509 50349 44597 39245 34246 29583 25217 21119 17245 13562 10037 6627 3294 
3196 6428 9747 13183 16783 20579 24619 28930 33558 38533 43891 49666 55880 62571 69759 77459 85698 94486 103825 113725 124182 135189 146731 158784 171325 184319 197719 211485 225557 239872 254366 268963 283578 298140 312547 326715 340550 353955 366838 379105 390663 401420 411302 420217 428099 434888 440519 444950 448142 450070 450713 450070 448144 444951 440518 434885 428102 420215 411299 401423 390661 379105 366839 353955 340549 326713 312542 298132 283574 268952 254351 239854 225533 211456 197684 184268 171264 158714 146643 135080 124053 113566 103631 94253 85420 77129 69362 62102 55326 49013 43122 37636 32513 27711 23206 18950 14908 11030 7286 3621 
3497 7045 10678 14442 18385 22545 26966 31691 36761 42210 48082 54403 61213 68539 76412 84849 93871 103491 113726 124570 136023 148078 160717 173919 187653 201883 216564 231639 247047 262728 278600 294586 310599 326538 342318 357836 372988 387669 401776 415211 427866 439647 450465 460230 468865 476298 482468 487317 490815 492924 493632 492925 490816 487323 482466 476296 468864 460232 450465 439652 427865 415211 401775 387665 372984 357832 342313 326532 310586 294574 278583 262706 247023 231606 216519 201832 187590 173838 160620 147960 135876 124395 113514 103238 93567 84485 75975 68027 60604 53687 47239 41223 35616 30359 25422 20760 16329 12083 7976 3967 
3823 7690 11659 15772 20077 24619 29451 34610 40144 46094 52503 59407 66845 74844 83439 92655 102506 113012 124181 136023 148525 161689 175491 189903 204903 220435 236466 252919 269748 286865 304196 321650 339128 356534 373763 390702 407247 423274 438676 453341 467156 480023 491831 502494 511921 520030 526765 532067 535882 538184 538956 538186 535882 532065 526766 520032 511922 502492 491832 480021 467159 453339 438675 423273 407242 390698 373757 356526 339115 321634 304178 286846 269718 252886 236416 220381 204828 189817 175383 161560 148369 135830 123952 112733 102170 92256 82967 74284 66180 58625 51585 45020 38889 33152 27762 22670 17831 13194 8713 4333 
4159 8375 12695 17171 21857 26807 32062 37680 43703 50187 57161 64676 72771 81486 90837 100867 111593 123028 135191 148075 161690 176015 191038 206729 223054 239964 257407 275326 293637 312270 331135 350129 369158 388099 406851 425291 443296 460740 477506 493467 508509 522505 535364 546967 557225 566057 573389 579152 583309 585814 586653 585815 583309 579155 573386 566057 557226 546966 535363 522507 508507 493470 477504 460740 443291 425285 406847 388089 369142 350116 331113 312245 293605 275282 257358 239901 222978 206634 190921 175874 161517 147868 134937 122724 111228 100431 90322 80870 72049 63825 56159 49012 42341 36093 30225 24681 19413 14366 9488 4716 
4516 9093 13780 18639 23726 29096 34805 40898 47443 54470 62042 70203 78988 88440 98593 109480 121118 133532 146728 160717 175488 191040 207340 224372 242084 260437 279369 298811 318685 338905 359374 379993 400635 421197 441548 461555 481092 500024 518220 535540 551860 567051 581003 593593 604727 614312 622265 628524 633030 635751 636660 635757 633027 628525 622266 614311 604728 593593 581001 567053 551860 535537 518219 500021 481090 461550 441538 421187 400625 379972 359355 338878 318648 298765 279316 260369 241999 224268 207211 190883 175301 160488 146455 133200 120724 109009 98035 87778 78201 69276 60956 53200 45956 39177 32807 26790 21071 15595 10296 5118 
4886 9838 14914 20172 25677 31492 37664 44263 51341 58952 67144 75972 85479 95711 106700 118477 131071 144504 158784 173918 189905 206728 224372 242794 261962 281820 302306 323342 344847 366723 388872 411179 433518 455764 477780 499428 520570 541057 560739 579480 597137 613578 628666 642294 654338 664706 673312 680082 684960 687903 688886 687902 684965 680081 673311 664709 654341 642289 628668 613578 597136 579480 560733 541050 520565 499424 477771 455753 433503 411161 388849 366695 344808 323296 302244 281746 261871 242683 224232 206561 189700 173672 158487 144146 130642 117965 106089 94991 84629 74971 65969 57573 49735 42397 35502 28994 22804 16875 11142 5540 
5275 10615 16091 21770 27709 33981 40642 47763 55399 63608 72453 81977 92236 103272 115128 127836 141426 155918 171326 187654 204899 223050 242084 261966 282641 304064 326165 348863 372061 395666 419560 443622 467723 491721 515474 538829 561636 583733 604967 625187 644234 661972 678252 692947 705945 717129 726413 733717 738979 742154 743213 742154 738978 733719 726411 717130 705942 692950 678250 661971 644237 625185 604968 583730 561629 538823 515467 491710 467706 443600 419533 395632 372018 348806 326101 303987 282545 261840 241934 222870 204682 187384 171004 155531 140964 127283 114475 102495 91318 80893 71185 62121 53666 45750 38312 31283 24606 18210 12025 5978 
5674 11424 17315 23420 29814 36559 43729 51388 59605 68439 77951 88198 99234 111111 123861 137534 152153 167739 184316 201882 220439 239963 260436 281820 304067 327112 350883 375299 400254 425644 451346 477231 503156 528971 554521 579645 604179 627945 650790 672533 693026 712103 729613 745424 759404 771434 781422 789275 794935 798353 799490 798354 794938 789275 781418 771433 759401 745423 729616 712101 693024 672535 650786 627941 604171 579638 554509 528959 503139 477211 451319 425609 400209 375243 350811 327026 303961 281689 260277 239765 220198 201596 183971 167325 151654 136939 123153 110271 98246 87035 76584 66841 57739 49219 41215 33660 26475 19591 12937 6433 
6089 12254 18577 25126 31984 39219 46911 55128 63942 73417 83622 94616 106456 119191 132874 147537 163215 179941 197719 216561 236460 257408 279366 302305 326165 350882 376383 402569 429340 456569 484136 511901 539706 567395 594798 621743 648056 673550 698050 721378 743354 763811 782596 799549 814545 827449 838159 846584 852655 856317 857545 856316 852654 846584 838159 827450 814542 799551 782596 763810 743352 721374 698049 673545 648048 621738 594788 567382 539689 511877 484106 456532 429289 402507 376308 350790 326048 302164 279196 257196 236210 216251 197346 179492 162684 146898 132116 118292 105392 93366 82158 71702 61939 52803 44217 36109 28404 21020 13876 6898 
6513 13110 19869 26878 34213 41952 50178 58971 68400 78533 89449 101208 113869 127493 142125 157810 174585 192469 211481 231637 252921 275324 298809 323342 348859 375299 402567 430575 459203 488328 517814 547504 577240 606853 636160 664980 693117 720385 746584 771532 795033 816914 837001 855136 871166 884970 896422 905434 911925 915841 917153 915845 911930 905432 896424 884967 871168 855133 837005 816913 795031 771528 746581 720378 693111 664972 636149 606841 577219 547479 517779 488287 459149 430508 402487 375198 348738 323190 298624 275097 252648 231308 211086 191989 174010 157129 141314 126530 112735 99868 87879 76698 66256 56483 47297 38627 30380 22485 14844 7380 
6946 13983 21194 28670 36493 44749 53524 62897 72952 83763 95403 107946 121451 135981 151583 168314 186202 205275 225555 247048 269748 293637 318686 344847 372063 400251 429338 459202 489736 520791 552235 583895 615608 647186 678444 709174 739180 768256 796195 822798 847861 871195 892613 911951 929049 943767 955982 965591 972514 976692 978086 976691 972513 965590 955980 943765 929048 911952 892613 871194 847858 822794 796195 768250 739172 709164 678427 647171 615591 583869 552199 520748 489677 459132 429249 400146 371928 344684 318490 293394 269457 246695 225127 204764 185592 167585 150722 134953 120239 106518 93728 81806 70669 60243 50449 41198 32406 23979 15834 7872 
7390 14871 22542 30490 38811 47593 56924 66897 77585 89087 101465 114802 129163 144613 161213 179000 198020 218305 239871 262726 286864 312270 338906 366723 395663 425644 456571 488328 520791 553819 587255 620922 654644 688225 721456 754133 786040 816957 846669 874953 901605 926413 949192 969752 987930 1003583 1016569 1026788 1034147 1038589 1040074 1038589 1034147 1026786 1016572 1003580 987933 969750 949192 926413 901603 874952 846665 816952 786032 754124 721441 688206 654621 620894 587219 553769 520733 488252 456478 425530 395524 366551 338693 312014 286555 262350 239418 217762 197369 178224 160287 143524 127875 113284 99681 86999 75157 64072 53655 43818 34463 25504 16841 8371 
7835 15770 23906 32335 41158 50469 60367 70941 82277 94470 107600 121741 136973 153358 170954 189816 209988 231495 254368 278598 304196 331131 359374 388875 419558 451345 484139 517811 552235 587254 622702 658401 694158 729758 764997 799644 833476 866258 897758 927750 956005 982312 1006462 1028262 1047539 1064129 1077900 1088735 1096540 1101249 1102821 1101250 1096540 1088733 1077900 1064130 1047536 1028263 1006458 982308 956003 927745 897752 866249 833468 799635 764983 729741 694132 658372 622663 587202 552173 517731 484039 451224 419411 388691 359151 330860 303866 278201 253884 230918 209299 188995 169979 152199 135601 120130 105708 92261 79702 67944 56898 46467 36548 27048 17858 8879 
8286 16678 25281 34194 43523 53373 63834 75013 87004 99897 113777 128735 144834 162162 180767 200710 222044 244781 268959 294584 321646 350127 379988 411175 443621 477231 511901 547504 583897 620924 658403 696144 733948 771593 808844 845477 881245 915902 949206 980913 1010790 1038599 1064135 1087183 1107558 1125100 1139659 1151112 1159364 1164344 1166009 1164346 1159365 1151114 1139660 1125102 1107559 1087180 1064131 1038602 1010784 980911 949200 915897 881233 845465 808829 771568 733924 696113 658359 620870 583828 547417 511795 477102 443461 410985 379750 349840 321298 294160 268450 244171 221309 199843 179731 160934 143390 127027 111781 97558 84279 71850 60165 49133 38649 28602 18882 9386 
8736 17585 26655 36054 45892 56274 67310 79095 91738 105332 119964 135733 152715 170978 190597 211627 234109 258087 283580 310594 339126 369151 400637 433517 467721 503155 539704 577240 615609 654641 694156 733948 773801 813481 852760 891379 929083 965626 1000733 1034160 1065654 1094974 1121890 1146187 1167674 1186167 1201512 1213591 1222286 1227535 1229291 1227535 1222286 1213589 1201513 1186166 1167672 1146188 1121891 1094970 1065651 1034157 1000726 965614 929073 891367 852742 813462 773770 733912 694112 654588 615538 577151 539595 503019 467555 433311 400383 368848 338756 310149 283042 257444 233341 210706 189505 169686 151185 133936 117857 102865 88863 75756 63439 51809 40749 30156 19913 9896 
9186 18488 28025 37907 48248 59166 70767 83161 96453 110742 126130 142706 160553 179760 200385 222492 246132 271337 298138 326537 356531 388102 421193 455762 491722 528971 567395 606852 647187 688221 729760 771589 813482 855200 896489 937083 976723 1015133 1052043 1087180 1120288 1151109 1179406 1204948 1227530 1246970 1263107 1275796 1284943 1290459 1292305 1290459 1284940 1275798 1263107 1246969 1227531 1204946 1179401 1151108 1120284 1087177 1052036 1015124 976712 937071 896470 855177 813456 771552 729711 688162 647112 606758 567278 528828 491543 455547 420931 387778 356145 326069 297571 270659 245320 221529 199235 178400 158952 140815 123912 108150 93429 79649 66699 54470 42846 31708 20935 10409 
9630 19385 29380 39741 50585 62030 74192 87186 101117 116100 132231 149607 168322 188451 210073 233249 258025 284453 312543 342316 373760 406849 441543 477779 515474 554520 594797 636160 678442 721455 764997 808845 852757 896488 939767 982323 1023872 1064133 1102821 1139656 1174357 1206669 1236323 1263098 1286774 1307148 1324059 1337366 1346951 1352734 1354668 1352733 1346950 1337365 1324062 1307149 1286772 1263100 1236324 1206664 1174357 1139649 1102815 1064124 1023859 982307 939749 896462 852726 808806 764948 721391 678362 636065 594676 554370 515288 477554 441266 406517 373351 341825 311953 283743 257180 232234 208867 187025 166636 147626 129907 113378 97949 83500 69927 57105 44918 33240 21946 10912 
10068 20266 30714 41546 52879 64847 77555 91140 105706 121364 138228 156393 175954 196997 219599 243826 269727 297350 326715 357831 390703 425291 461556 499428 538829 579644 621744 664978 709172 754132 799647 845476 891377 937082 982323 1026799 1070229 1112311 1152750 1191249 1227523 1261292 1292293 1320277 1345019 1366320 1383997 1397901 1407920 1413967 1415986 1413967 1407918 1397903 1383996 1366319 1345022 1320275 1292290 1261288 1227518 1191245 1152743 1112305 1070218 1026785 982300 937059 891344 845434 799594 754065 709092 664874 621616 579483 538637 499194 461264 424937 390276 357318 326094 296604 268837 242766 218341 195508 174194 154322 135798 118526 102390 87291 73100 59695 46957 34749 22942 11404 
10496 21124 32017 43307 55123 67592 80849 95003 110185 126509 144087 163021 183409 205345 228902 254149 281148 309942 340547 372986 407241 443293 481090 520573 561633 604176 648054 693116 739177 786043 833475 881242 929084 976723 1023869 1070232 1115496 1159354 1201503 1241629 1279434 1314628 1346940 1376104 1401894 1424092 1442516 1457010 1467449 1473752 1475859 1473749 1467452 1457009 1442514 1424095 1401893 1376107 1346937 1314626 1279430 1241622 1201498 1159343 1115482 1070213 1023852 976699 929050 881202 833418 785970 739091 693010 647922 604009 561433 520320 480791 442928 406797 372447 339902 309164 280226 253045 227590 203791 181573 160860 141550 123546 106732 90991 76195 62228 48948 36221 23916 11888 
10909 21954 33277 45016 57295 70259 84030 98747 114529 131495 149762 169441 190636 213432 237913 264162 292219 322142 353956 387667 423271 460739 500023 541053 583731 627944 673551 720383 768253 816957 866256 915900 965621 1015135 1064131 1112311 1159356 1204937 1248740 1290443 1329732 1366310 1399889 1430202 1457002 1480071 1499220 1514281 1525131 1531684 1533871 1531681 1525132 1514282 1499219 1480072 1457003 1430199 1399887 1366307 1329729 1290435 1248732 1204928 1159343 1112295 1064111 1015102 965586 915857 866202 816886 768165 720270 673411 627777 583523 540794 499710 460358 422808 387109 353282 321338 291255 263012 236553 211814 188727 167198 147128 128414 110937 94575 79199 64677 50877 37648 24857 12359 
11305 22758 34491 46653 59384 72819 87092 102343 118699 136282 155217 175613 197576 221202 246579 273773 302859 333869 366836 401774 438673 477505 518218 560737 604967 650789 698050 746586 796195 846667 897759 949204 1000733 1052040 1102818 1152752 1201502 1248741 1294132 1337350 1378067 1415971 1450769 1482184 1509956 1533866 1553709 1569315 1580563 1587347 1589617 1587348 1580559 1569317 1553705 1533866 1509956 1482182 1450768 1415972 1378061 1337345 1294124 1248731 1201488 1152733 1102796 1052015 1000695 949157 897699 846593 796101 746466 697906 650608 604748 560471 517890 477110 438195 401194 366139 333035 301860 272584 245163 219524 195598 173286 152485 133089 114977 98020 82083 67037 52727 39020 25764 12808 
11686 23516 35647 48217 61371 75256 90008 105770 122672 140847 160411 181492 204186 228603 254825 282935 312984 345033 379106 415207 453338 493466 535537 579478 625185 672536 721374 771528 822797 874953 927747 980915 1034159 1087180 1139656 1191249 1241631 1290443 1337346 1382008 1424083 1463251 1499212 1531671 1560373 1585076 1605581 1621711 1633331 1640345 1642689 1640344 1633334 1621709 1605582 1585077 1560370 1531670 1499206 1463250 1424078 1382002 1337342 1290429 1241613 1191232 1139631 1087149 1034121 980864 927684 874877 822700 771409 721228 672351 624959 579204 535202 493055 452845 414608 378381 344169 311957 281704 253362 226872 202140 179083 157588 137547 118825 101300 84834 69276 54496 40325 26625 13233 
12040 24238 36735 49686 63246 77551 92754 108997 126414 145142 165303 187025 210414 235574 262597 291562 322529 355552 390661 427864 467156 508506 551860 597136 644236 693024 743350 795030 847858 901603 956005 1010789 1065654 1120287 1174355 1227522 1279432 1329732 1378064 1424083 1467435 1507798 1544851 1578297 1607874 1633327 1654456 1671076 1683049 1690277 1692689 1690274 1683049 1671077 1654452 1633327 1607870 1578296 1544849 1507795 1467434 1424074 1378056 1329724 1279416 1227505 1174331 1120256 1065614 1010735 955944 901522 847759 794907 743196 692838 644001 596851 551512 508084 466644 427247 389920 354659 321465 290290 261091 233788 208309 184545 162397 141741 122448 104390 87420 71394 56154 41558 27438 13639 
12371 24907 37747 51059 64985 79689 95315 112004 129900 149140 169859 192180 216212 242064 269831 299595 331412 365343 401419 439647 480020 522507 567050 613574 661969 712100 763810 816912 871195 926413 982308 1038598 1094971 1151108 1206666 1261291 1314628 1366310 1415970 1463253 1507798 1549268 1587338 1621705 1652092 1678247 1699956 1717030 1729337 1736758 1739241 1736760 1729335 1717032 1699953 1678245 1652092 1621704 1587338 1549263 1507793 1463244 1415963 1366298 1314614 1261270 1206639 1151078 1094933 1038545 982242 926332 871091 816785 763655 711906 661729 613281 566695 522073 479493 439013 400655 364431 330319 298288 268282 240232 214046 189628 166872 145644 125827 107269 89830 73360 57703 42706 28192 14015 
12678 25518 38679 52317 66591 81653 97659 114759 133098 152814 174042 196912 221537 248025 276473 306965 339569 374337 411298 450465 491826 535360 581000 628667 678248 729613 782595 836997 892614 949191 1006459 1064132 1121889 1179403 1236326 1292290 1346939 1399887 1450770 1499208 1544851 1587337 1626343 1661555 1692686 1719484 1741723 1759220 1771823 1779430 1781975 1779430 1771827 1759219 1741723 1719481 1692688 1661551 1626339 1587336 1544843 1499205 1450760 1399876 1346922 1292272 1236297 1179369 1121845 1064076 1006395 949108 892508 836869 782430 729411 678004 628366 580635 534913 491291 449815 410514 373395 338447 305631 274886 246144 219318 194300 170981 149235 128922 109910 92043 75167 59127 43755 28890 14359 
12953 26073 39520 53451 68036 83425 99781 117251 135985 156133 177817 201184 226342 253405 282471 313623 346935 382450 420213 460228 502491 546963 593593 642288 692945 745422 799548 855134 911949 969749 1028261 1087177 1146190 1204948 1263098 1320276 1376105 1430198 1482184 1531673 1578298 1621705 1661554 1697526 1729331 1756710 1779431 1797304 1810184 1817955 1820549 1817956 1810182 1797306 1779427 1756710 1729330 1697524 1661553 1621702 1578293 1531664 1482172 1430188 1376089 1320254 1263070 1204912 1146145 1087124 1028191 969667 911843 855000 799383 745221 692694 641984 593218 546507 501941 459565 419414 381495 345785 312258 280846 251486 224071 198514 174691 152469 131720 112293 94042 76797 60407 44707 29514 14675 
13197 26563 40258 54458 69312 84992 101652 119452 138538 159061 181158 204959 230592 258162 287771 319511 353445 389627 428098 468862 511916 557223 604727 654337 705940 759403 814542 871166 929046 987934 1047534 1107556 1167673 1227530 1286770 1345019 1401892 1457002 1509955 1560372 1607871 1652090 1692685 1729332 1761735 1789619 1812769 1830979 1844095 1852012 1854658 1852011 1844099 1830977 1812766 1789621 1761732 1729328 1692682 1652087 1607866 1560365 1509948 1456990 1401877 1344999 1286744 1227495 1167626 1107503 1047466 987846 928938 871029 814372 759194 705687 654024 604344 556763 511354 468185 427282 388650 352279 318117 286117 256203 228278 202242 177970 155335 134193 114403 95804 78244 61542 45544 30072 14947 
13406 26983 40899 55320 70412 86340 103270 121347 140740 161586 184032 208210 234248 262256 292334 324575 359049 395804 434882 476296 520029 566055 614309 664705 717127 771431 827446 884969 943764 1003577 1064130 1125100 1186162 1246970 1307147 1366319 1424090 1480070 1533867 1585075 1633328 1678246 1719483 1756711 1789621 1817950 1841466 1859962 1873289 1881331 1884017 1881330 1873290 1859960 1841464 1817951 1789620 1756707 1719480 1678243 1633320 1585069 1533855 1480058 1424075 1366298 1307120 1246933 1186118 1125042 1064057 1003491 943655 884828 827273 771221 716868 664389 613920 565583 519459 475606 434055 394814 357860 323164 290653 260265 231900 205452 180793 157797 136324 116217 97326 79483 62521 46267 30547 15185 
13582 27335 41430 56036 71325 87459 104604 122921 142562 163682 186417 210910 237285 265654 296122 328779 363702 400932 440518 482462 526765 573385 622261 673310 726410 781418 838156 896420 955977 1016568 1077898 1139657 1201511 1263103 1324059 1383994 1442515 1499217 1553703 1605581 1654456 1699954 1741723 1779428 1812766 1841466 1865279 1884016 1897514 1905661 1908385 1905660 1897514 1884016 1865279 1841462 1812768 1779429 1741720 1699950 1654451 1605571 1553696 1499205 1442498 1383971 1324031 1263067 1201465 1139600 1077830 1016476 955865 896279 837982 781204 726146 672989 621872 572909 526188 481766 439680 399924 362498 327347 294422 263639 234905 208111 183136 159841 138091 117726 98588 80513 63330 46866 30943 15384 
13717 27608 41849 56602 72043 88341 105664 124159 143998 165329 188294 213030 239673 268327 299102 332090 367357 404965 444945 487320 532063 579148 628518 680081 733719 789274 846582 905435 965588 1026783 1088733 1151113 1213583 1275796 1337364 1397899 1457011 1514281 1569315 1621710 1671074 1717032 1759220 1797306 1830976 1859960 1884021 1902943 1916577 1924806 1927554 1924804 1916575 1902942 1884016 1859960 1830976 1797302 1759216 1717028 1671069 1621704 1569304 1514270 1456990 1397879 1337334 1275759 1213539 1151055 1088658 1026694 965476 905292 846405 789057 733450 679755 628122 578670 531480 486615 444097 403951 366144 330644 297382 266291 237270 210206 184977 161449 139481 118911 99580 81323 63968 47339 31254 15538 
13818 27806 42146 57008 72559 88976 106418 125051 145033 166514 189646 214564 241390 270252 301249 334475 369994 407871 448140 490812 535880 583306 633028 684959 738975 794934 852651 911925 972508 1034145 1096537 1159364 1222285 1284940 1346947 1407920 1467448 1525133 1580560 1633332 1683050 1729334 1771826 1810180 1844095 1873289 1897513 1916577 1930306 1938595 1941361 1938592 1930306 1916574 1897515 1873290 1844094 1810181 1771821 1729329 1683045 1633323 1580553 1525117 1467432 1407899 1346920 1284904 1222238 1159304 1096461 1034053 972395 911780 852477 794716 738706 684633 632629 582819 535292 490104 447287 406850 368773 333015 299517 268202 238975 211716 186307 162611 140481 119768 100296 81908 64428 47679 31485 15647 
13874 27927 42331 57253 72873 89359 106878 125588 145657 167230 190463 215484 242432 271417 302544 335911 371585 409624 450066 492925 538180 585811 635748 687901 742151 798349 856317 915841 976686 1038589 1101246 1164345 1227534 1290457 1352731 1413965 1473751 1531681 1587344 1640344 1690275 1736760 1779432 1817955 1852009 1881330 1905661 1924801 1938593 1946913 1949698 1946912 1938593 1924803 1905662 1881327 1852011 1817950 1779428 1736753 1690269 1640334 1587335 1531668 1473735 1413943 1352705 1290422 1227487 1164281 1101171 1038495 976574 915699 856137 798130 741883 687573 635349 585325 537590 492211 449208 408599 370357 334447 300805 269356 240000 212628 187109 163309 141086 120277 100726 82263 64705 47883 31613 15716 
13895 27968 42390 57336 72977 89487 107031 125771 145865 167471 190735 215796 242774 271803 302978 336390 372115 410212 450710 493624 538952 586650 636657 688888 743211 799492 857540 917151 978082 1040074 1102819 1166007 1229288 1292302 1354665 1415985 1475856 1533867 1589616 1642686 1692692 1739240 1781975 1820550 1854655 1884020 1908384 1927554 1941359 1949696 1952482 1949698 1941360 1927553 1908384 1884016 1854657 1820550 1781971 1739236 1692684 1642681 1589606 1533855 1475840 1415962 1354636 1292266 1229244 1165949 1102746 1039978 977971 917007 857362 799271 742941 688559 636255 586161 538364 492914 449853 409181 370886 334925 301238 269740 240342 212929 187377 163544 141290 120449 100872 82380 64798 47953 31658 15741 
13876 27928 42327 57253 72872 89360 106876 125588 145659 167231 190463 215485 242431 271414 302546 335910 371583 409625 450064 492923 538181 585811 635749 687901 742149 798348 856315 915843 976687 1038586 1101247 1164342 1227533 1290458 1352731 1413964 1473750 1531682 1587345 1640342 1690275 1736759 1779431 1817951 1852014 1881326 1905660 1924800 1938593 1946913 1949699 1946912 1938593 1924802 1905659 1881327 1852011 1817949 1779428 1736754 1690269 1640334 1587337 1531671 1473731 1413942 1352704 1290422 1227487 1164283 1101170 1038496 976570 915699 856136 798129 741882 687573 635349 585323 537594 492213 449209 408600 370357 334446 300805 269356 240001 212625 187110 163312 141085 120280 100727 82262 64708 47881 31613 15717 
13815 27807 42149 57008 72559 88976 106419 125050 145033 166517 189645 214562 241390 270254 301249 334474 369995 407871 448140 490814 535877 583305 633028 684957 738979 794933 852649 911923 972512 1034147 1096533 1159364 1222285 1284940 1346950 1407920 1467447 1525130 1580559 1633333 1683048 1729336 1771825 1810184 1844094 1873289 1897517 1916574 1930304 1938592 1941361 1938594 1930305 1916576 1897513 1873288 1844093 1810179 1771820 1729334 1683042 1633323 1580548 1525118 1467430 1407895 1346922 1284903 1222241 1159303 1096464 1034054 972394 911779 852478 794715 738709 684630 632628 582819 535293 490101 447286 406849 368771 333013 299517 268202 238970 211715 186308 162612 140482 119763 100297 81908 64428 47680 31478 15647 
13716 27612 41846 56602 72044 88341 105658 124160 143997 165329 188295 213033 239672 268326 299104 332087 367359 404964 444946 487315 532062 579149 628519 680083 733710 789273 846583 905433 965587 1026786 1088730 1151111 1213584 1275794 1337366 1397900 1457009 1514278 1569316 1621711 1671073 1717033 1759219 1797303 1830978 1859962 1884016 1902942 1916574 1924800 1927551 1924802 1916575 1902943 1884013 1859962 1830975 1797301 1759218 1717025 1671068 1621703 1569306 1514267 1456991 1397877 1337335 1275758 1213539 1151053 1088659 1026691 965473 905293 846406 789057 733449 679755 628126 578669 531479 486613 444097 403951 366143 330641 297384 266290 237269 210207 184980 161453 139481 118910 99580 81323 63969 47339 31255 15537 
13580 27335 41431 56036 71327 87459 104606 122923 142564 163680 186419 210909 237282 265655 296122 328779 363699 400931 440517 482465 526764 573384 622266 673308 726411 781415 838155 896418 955977 1016566 1077900 1139657 1201512 1263101 1324060 1383993 1442514 1499215 1553702 1605580 1654454 1699953 1741722 1779429 1812765 1841462 1865279 1884016 1897515 1905659 1908383 1905657 1897514 1884016 1865278 1841463 1812766 1779426 1741718 1699948 1654450 1605570 1553695 1499204 1442497 1383970 1324029 1263064 1201466 1139602 1077827 1016478 955863 896279 837981 781204 726147 672989 621869 572907 526188 481767 439676 399928 362497 327348 294421 263637 234906 208111 183135 159842 138090 117725 98591 80513 63329 46865 30943 15384 
13407 26984 40899 55320 70411 86341 103266 121350 140740 161586 184032 208212 234250 262254 292334 324576 359045 395804 434881 476294 520027 566056 614305 664702 717124 771433 827447 884968 943762 1003580 1064127 1125101 1186162 1246967 1307147 1366317 1424089 1480071 1533863 1585076 1633326 1678243 1719481 1756706 1789620 1817948 1841464 1859960 1873285 1881328 1884016 1881330 1873285 1859960 1841462 1817950 1789618 1756704 1719477 1678241 1633319 1585067 1533852 1480059 1424075 1366294 1307120 1246934 1186118 1125041 1064055 1003490 943653 884827 827273 771220 716867 664388 613921 565583 519461 475605 434055 394813 357860 323160 290656 260267 231899 205448 180791 157798 136322 116221 97326 79486 62520 46268 30547 15186 
13197 26561 40259 54454 69315 84991 101653 119453 138540 159062 181159 204959 230589 258160 287771 319509 353445 389627 428098 468863 511913 557223 604724 654336 705938 759400 814540 871165 929046 987928 1047535 1107556 1167669 1227530 1286769 1345019 1401890 1456999 1509954 1560370 1607869 1652088 1692683 1729331 1761730 1789617 1812765 1830978 1844092 1852009 1854657 1852008 1844094 1830975 1812766 1789617 1761727 1729328 1692681 1652085 1607865 1560361 1509945 1456989 1401873 1344997 1286739 1227493 1167625 1107502 1047465 987842 928937 871029 814370 759190 705688 654021 604341 556761 511352 468184 427283 388651 352275 318118 286117 256203 228280 202243 177967 155333 134193 114405 95806 78239 61546 45540 30072 14947 
12954 26072 39517 53450 68034 83425 99779 117251 135988 156130 177819 201181 226339 253403 282471 313621 346933 382451 420212 460228 502488 546964 593590 642289 692946 745422 799545 855130 911950 969750 1028257 1087177 1146188 1204942 1263095 1320275 1376102 1430201 1482179 1531669 1578293 1621703 1661550 1697521 1729330 1756703 1779426 1797299 1810182 1817950 1820549 1817949 1810179 1797299 1779426 1756705 1729328 1697520 1661548 1621698 1578290 1531661 1482172 1430184 1376087 1320252 1263070 1204907 1146144 1087122 1028191 969666 911841 854997 799382 745217 692696 641981 593217 546508 501940 459565 419412 381491 345785 312258 280848 251481 224073 198513 174690 152469 131720 112293 94040 76801 60407 44707 29515 14673 
12677 25518 38679 52318 66590 81652 97659 114760 133102 152813 174044 196911 221535 248024 276473 306964 339569 374334 411294 450465 491826 535362 580998 628664 678247 729610 782593 836997 892609 949187 1006458 1064130 1121885 1179400 1236322 1292286 1346937 1399883 1450770 1499207 1544846 1587332 1626338 1661550 1692681 1719480 1741718 1759216 1771822 1779426 1781970 1779429 1771819 1759219 1741717 1719477 1692679 1661547 1626336 1587330 1544839 1499200 1450759 1399874 1346917 1292269 1236295 1179368 1121843 1064076 1006391 949102 892506 836866 782429 729413 678002 628365 580634 534913 491290 449810 410514 373398 338449 305629 274884 246141 219315 194301 170980 149233 128921 109907 92047 75165 59127 43754 28890 14359 
12373 24905 37746 51059 64988 79689 95313 112001 129898 149142 169859 192177 216213 242064 269832 299591 331411 365345 401416 439645 480021 522505 567048 613576 661966 712096 763809 816909 871192 926411 982306 1038594 1094971 1151104 1206659 1261287 1314623 1366305 1415965 1463247 1507793 1549264 1587333 1621698 1652086 1678239 1699949 1717025 1729329 1736754 1739234 1736753 1729332 1717025 1699951 1678239 1652086 1621699 1587330 1549259 1507787 1463242 1415957 1366291 1314609 1261267 1206635 1151072 1094929 1038545 982242 926327 871085 816783 763650 711903 661729 613280 566691 522073 479491 439013 400652 364430 330318 298286 268281 240230 214048 189629 166871 145648 125826 107266 89829 73361 57702 42705 28195 14016 
12041 24237 36737 49687 63242 77551 92755 108999 126416 145140 165305 187026 210414 235573 262595 291559 322528 355550 390660 427859 467153 508503 551857 597132 644231 693022 743345 795030 847856 901599 956000 1010783 1065645 1120283 1174351 1227516 1279428 1329725 1378063 1424077 1467428 1507792 1544843 1578295 1607862 1633323 1654447 1671068 1683045 1690267 1692681 1690269 1683042 1671068 1654448 1633320 1607862 1578290 1544842 1507787 1467426 1424068 1378051 1329715 1279413 1227498 1174326 1120250 1065610 1010731 955939 901518 847756 794905 743195 692831 643999 596849 551511 508081 466644 427245 389914 354657 321465 290288 261088 233790 208305 184544 162396 141741 122449 104387 87421 71393 56156 41557 27437 13641 
11683 23518 35649 48217 61371 75253 90009 105771 122671 140847 160408 181486 204185 228601 254825 282934 312984 345029 379101 415206 453335 493465 535535 579476 625182 672531 721371 771525 822793 874948 927741 980907 1034153 1087174 1139646 1191243 1241620 1290435 1337343 1381997 1424076 1463241 1499202 1531664 1560361 1585069 1605573 1621700 1633324 1640333 1642677 1640335 1633323 1621702 1605571 1585067 1560364 1531662 1499200 1463242 1424068 1381994 1337333 1290423 1241605 1191224 1139626 1087144 1034115 980860 927680 874872 822695 771404 721221 672349 624956 579198 535199 493055 452840 414606 378379 344168 311953 281700 253361 226870 202140 179083 157587 137544 118824 101298 84830 69278 54495 40326 26623 13236 
11308 22755 34491 46653 59381 72818 87093 102345 118699 136281 155215 175612 197576 221201 246576 273776 302856 333866 366834 401774 438668 477499 518216 560734 604962 650780 698043 746579 796190 846661 897751 949199 1000726 1052030 1102814 1152742 1201490 1248732 1294124 1337340 1378055 1415961 1450757 1482170 1509950 1533850 1553694 1569306 1580549 1587335 1589602 1587335 1580549 1569304 1553692 1533853 1509946 1482169 1450757 1415956 1378050 1337333 1294114 1248720 1201479 1152725 1102787 1052002 1000689 949151 897693 846585 796094 746460 697902 650605 604744 560467 517888 477106 438191 401195 366138 333029 301857 272584 245163 219526 195597 173283 152486 133089 114976 98018 82085 67036 52726 39020 25764 12807 
10907 21957 33280 45015 57294 70257 84031 98745 114524 131493 149760 169441 190629 213430 237916 264157 292219 322140 353952 387661 423266 460735 500018 541047 583725 627937 673546 720377 768249 816949 866248 915891 965610 1015123 1064120 1112302 1159345 1204925 1248728 1290429 1329719 1366295 1399875 1430185 1456986 1480060 1499204 1514267 1525120 1531667 1533855 1531665 1525116 1514266 1499203 1480056 1456985 1430186 1399871 1366295 1329716 1290423 1248718 1204916 1159330 1112286 1064101 1015094 965578 915847 866189 816877 768158 720263 673407 627767 583517 540788 499705 460353 422805 387104 353277 321334 291252 263007 236549 211814 188727 167196 147126 128410 110935 94572 79198 64677 50875 37648 24859 12359 
10494 21122 32018 43306 55124 67593 80843 95002 110188 126507 144083 163019 183409 205342 228898 254147 281147 309936 340543 372981 407236 443285 481086 520564 561625 604164 648046 693108 739167 786031 833466 881231 929072 976711 1023857 1070217 1115481 1159340 1201485 1241610 1279415 1314612 1346919 1376088 1401877 1424076 1442492 1456990 1467431 1473729 1475837 1473732 1467432 1456991 1442494 1424071 1401877 1376086 1346919 1314608 1279412 1241606 1201479 1159328 1115469 1070200 1023837 976683 929038 881188 833411 785959 739081 693001 647913 604003 561424 520317 480782 442922 406793 372444 339899 309161 280222 253044 227588 203787 181570 160857 141548 123545 106731 90986 76196 62227 48945 36221 23916 11888 
10068 20264 30715 41543 52879 64844 77558 91137 105704 121364 138225 156392 175952 196998 219594 243822 269722 297344 326709 357827 390692 425283 461544 499420 538820 579636 621732 664967 709159 754120 799630 845461 891360 937069 982303 1026784 1070211 1112296 1152731 1191229 1227501 1261269 1292269 1320253 1344996 1366295 1383972 1397879 1407896 1413942 1415961 1413943 1407893 1397878 1383972 1366296 1344996 1320252 1292268 1261268 1227498 1191224 1152723 1112284 1070201 1026766 982283 937042 891327 845421 799577 754053 709076 664864 621606 579477 538628 499184 461255 424929 390266 357315 326090 296599 268832 242761 218336 195505 174193 154320 135798 118521 102389 87287 73098 59695 46954 34748 22945 11406 
9631 19385 29379 39739 50586 62028 74193 87180 101116 116096 132226 149605 168316 188448 210069 233241 258021 284448 312539 342308 373754 406840 441535 477767 515461 554506 594785 636149 678428 721436 764980 808825 852738 896466 939743 982300 1023848 1064108 1102793 1139627 1174330 1206638 1236299 1263070 1286741 1307117 1324031 1337334 1346917 1352704 1354635 1352703 1346917 1337332 1324030 1307116 1286740 1263067 1236293 1206636 1174327 1139624 1102788 1064101 1023836 982284 939724 896442 852711 808785 764930 721374 678346 636048 594660 554358 515275 477541 441259 406505 373346 341816 311946 283734 257173 232228 208863 187022 166631 147623 129900 113379 97945 83501 69926 57103 44920 33238 21945 10911 
9184 18488 28024 37906 48248 59165 70765 83159 96448 110738 126124 142703 160552 179755 200377 222487 246125 271328 298127 326530 356520 388089 421181 455748 491705 528955 567375 606834 647166 688203 729735 771567 813459 855174 896459 937056 976695 1015103 1052009 1087146 1120252 1151073 1179368 1204910 1227495 1246934 1263064 1275756 1284902 1290420 1292264 1290419 1284902 1275762 1263064 1246932 1227492 1204908 1179368 1151071 1120250 1087143 1052004 1015093 976684 937042 896441 855153 813427 771526 729689 688142 647093 606740 567261 528811 491531 455531 420919 387765 356134 326059 297564 270653 245313 221519 199232 178393 158949 140814 123907 108146 93425 79647 66698 54470 42841 31705 20934 10409 
8736 17586 26655 36051 45890 56273 67306 79094 91734 105324 119965 135729 152707 170970 190592 211617 234101 258075 283569 310581 339114 369136 400618 433499 467703 503135 539683 577220 615584 654617 694129 733919 773768 813453 852723 891343 929049 965582 1000693 1034118 1065612 1094931 1121846 1146143 1167626 1186116 1201465 1213539 1222237 1227487 1229239 1227487 1222237 1213539 1201466 1186117 1167623 1146141 1121843 1094927 1065608 1034114 1000686 965577 929038 891329 852708 813426 773740 733884 694082 654561 615515 577129 539574 503000 467535 433293 400370 368834 338745 310136 283031 257431 233330 210700 189496 169678 151181 133930 117854 102860 88861 75751 63440 51804 40751 30155 19908 9896 
8284 16677 25278 34192 43520 53369 63832 75010 87000 99892 113773 128725 144827 162152 180759 200703 222026 244769 268947 294572 321629 350108 379969 411156 443599 477204 511872 547476 583867 620887 658366 696111 733908 771551 808799 845432 881196 915852 949157 980864 1010734 1038544 1064078 1087122 1107501 1125043 1139601 1151051 1159304 1164283 1165946 1164281 1159303 1151052 1139599 1125040 1107499 1087123 1064075 1038543 1010732 980859 949150 915850 881186 845420 808786 771529 733881 696076 658327 620837 583797 547390 511766 477080 443439 410962 379733 349823 321280 294145 268437 244158 221298 199830 179724 160926 143380 127021 111773 97552 84275 71847 60161 49133 38647 28598 18883 9386 
7833 15771 23903 32333 41157 50466 60364 70936 82273 94466 107592 121734 136963 153345 170944 189805 209977 231478 254346 278578 304174 331111 359348 388845 419529 451315 484105 517775 552195 587213 622658 658358 694107 729709 764944 799589 833417 866198 897695 927684 955937 982243 1006391 1028188 1047463 1064055 1077822 1088655 1096460 1101170 1102743 1101171 1096462 1088655 1077826 1064054 1047463 1028188 1006387 982242 955936 927679 897689 866191 833408 799577 764931 729688 694083 658325 622619 587161 552135 517695 484005 451194 419380 388665 359126 330836 303842 278183 253864 230902 209284 188982 169965 152187 135594 120123 105701 92254 79698 67942 56896 46460 36544 27046 17857 8877 
7386 14873 22538 30488 38807 47587 56921 66889 77580 89075 101455 114791 129150 144603 161195 178984 198001 218286 239848 262705 286839 312240 338874 366692 395628 425606 456530 488283 520743 553769 587200 620866 654583 688156 721391 754064 785967 816880 846591 874874 901519 926329 949104 969663 987841 1003489 1016475 1026690 1034053 1038494 1039980 1038491 1034052 1026692 1016473 1003490 987840 969663 949104 926325 901516 874869 846587 816875 785959 754053 721374 688141 654559 620838 587162 553721 520682 488211 456435 425489 395490 366519 338664 311985 286529 262324 239395 217743 197354 178207 160275 143508 127862 113272 99673 86991 75152 64065 53651 43816 34460 25501 16839 8370 
6945 13982 21192 28668 36486 44743 53516 62890 72944 83752 95393 107933 121436 135965 151570 168293 186177 205251 225528 247017 269714 293602 318648 344806 372016 400205 429287 459147 489675 520731 552167 583826 615535 647107 678360 709087 739091 768163 796097 822699 847759 871090 892505 911839 928936 943651 955866 965470 972394 976574 977966 976570 972394 965470 955864 943651 928933 911841 892504 871086 847760 822694 796096 768158 739084 709077 678346 647094 615511 583799 552131 520685 489618 459078 429197 400097 371885 344641 318450 293361 269423 246665 225101 204744 185565 167565 150700 134938 120223 106503 93721 81792 70658 60240 50441 41193 32403 23977 15831 7871 
6512 13106 19871 26871 34207 41945 50173 58962 68386 78521 89434 101192 113855 127472 142104 157784 174555 192438 211451 231602 252883 275279 298762 323289 348805 375239 402503 430504 459129 488250 517731 547415 577148 606755 636057 664874 693007 720268 746466 771406 794906 816783 836867 854998 871029 884826 896278 905291 911777 915695 917006 915696 911781 905289 896278 884825 871026 854996 836867 816781 794903 771402 746462 720261 692998 664862 636048 606741 577128 547390 517697 488208 459077 430441 402423 375138 348682 323138 298578 275052 252608 231270 211050 191958 173980 157104 141289 126511 112715 99854 87867 76687 66248 56471 47291 38621 30377 22479 14843 7380 
6087 12253 18570 25123 31977 39215 46901 55117 63927 73404 83607 94595 106432 119167 132844 147506 163181 179904 197676 216516 236413 257354 279309 302240 326097 350811 376300 402484 429245 456474 484035 511794 539592 567275 594673 621614 647920 673409 697902 721223 743197 763649 782429 799382 814371 827272 837979 846403 852476 856135 857358 856136 852476 846406 837981 827275 814370 799381 782429 763651 743192 721223 697901 673406 647913 621604 594663 567262 539571 511767 484007 456435 429199 402425 376228 350716 325980 302102 279136 257142 236159 216206 197307 179456 162651 146865 132087 118268 105372 93345 82138 71687 61925 52792 44209 36104 28396 21015 13877 6897 
5673 11420 17310 23413 29803 36551 43717 51374 59586 68419 77927 88175 99209 111076 123829 137495 152108 167696 184266 201828 220377 239897 260364 281742 303985 327020 350788 375192 400142 425526 451223 477099 503014 528822 554367 579483 604006 627773 650608 672347 692832 711905 729411 745216 759191 771218 781202 789057 794715 798127 799273 798127 794714 789055 781201 771217 759187 745218 729409 711902 692831 672346 650605 627767 604001 579476 554357 528811 502997 477077 451194 425490 400099 375135 350719 326934 303875 281612 260205 239699 220140 201539 183918 167283 151611 136900 123123 110238 98218 87009 76565 66822 57722 49208 41207 33653 26468 19586 12932 6433 
5271 10616 16085 21759 27699 33967 40627 47747 55381 63587 72425 81948 92202 103233 115088 127790 141375 155857 171265 187584 204827 222972 241996 261866 282536 303955 326046 348735 371926 395519 419406 443458 467554 491541 515285 538634 561431 583519 604745 624959 644000 661728 678000 692692 705684 716865 726146 733446 738707 741880 742941 741881 738710 733445 726146 716867 705681 692693 678003 661727 643996 624957 604744 583514 561425 538629 515275 491526 467536 443437 419378 395486 371883 348683 325983 303874 282438 261746 241847 222789 204604 187316 170941 155472 140911 127237 114429 102456 91285 80865 71157 62101 53645 45732 38295 31276 24598 18204 12020 5974 
4885 9835 14909 20163 25665 31475 37648 44241 51316 58921 67112 75936 85440 95663 106650 118420 131010 144433 158708 173834 189812 206630 224263 242679 261837 281685 302162 323185 344682 366548 388686 410978 433311 455545 477550 499187 520318 540793 560467 579199 596848 613278 628364 641982 654022 664384 672987 679754 684628 687571 688554 687570 684628 679755 672985 664384 654024 641979 628365 613279 596847 579196 560467 540787 520316 499183 477542 455530 433295 410961 388666 366517 344642 323142 302098 281612 261743 242565 224124 206462 189610 173591 158411 144075 130580 117909 106042 94944 84588 74935 65937 57547 49711 42379 35485 28979 22794 16868 11137 5538 
4513 9088 13770 18628 23712 29075 34782 40877 47409 54438 62005 70158 78938 88385 98533 109410 121045 133447 146637 160615 175380 190918 207212 224226 241932 260272 279189 298622 318482 338691 359146 379748 400383 420928 441264 461265 480787 499707 517887 535199 551511 566692 580632 593216 604342 613921 621867 628125 632627 635345 636255 635346 632627 628121 621868 613919 604343 593218 580631 566694 551506 535199 517885 499705 480783 461255 441260 420919 400369 379730 359125 338660 318449 298576 279135 260203 241847 224126 207083 190764 175189 160387 146361 133118 120646 108940 97972 87721 78154 69231 60918 53165 45926 39154 32787 26775 21060 15584 10291 5114 
4156 8368 12684 17157 21839 26786 32034 37650 43668 50143 57113 64624 72711 81414 90764 100783 111497 122926 135076 147952 161556 175868 190879 206557 222866 239762 257195 275092 293392 312010 330857 349837 368844 387778 406514 424933 442923 460355 477106 493055 508079 522071 534913 546508 556758 565582 572907 578667 582819 585324 586161 585325 582820 578668 572909 565583 556758 546506 534912 522071 508080 493054 477103 460353 442923 424928 406506 387766 368834 349820 330837 311985 293359 275054 257143 239700 222789 206462 190761 175726 161386 147741 134825 122622 111134 100347 90245 80801 71990 63771 56115 48974 42306 36061 30199 24660 19396 14354 9478 4714 
3817 7683 11647 15753 20055 24592 29419 34570 40101 46046 52446 59343 66773 74766 83347 92553 102391 112889 124048 135874 148365 161511 175296 189698 204675 220194 236204 252645 269452 286552 303863 321293 338756 356142 373349 390273 406793 422805 438194 452839 466643 479492 491287 501939 511355 519459 526185 531478 535292 537590 538358 537591 535289 531478 526184 519462 511354 501937 491289 479492 466642 452838 438190 422804 406790 390267 373345 356134 338743 321280 303841 286528 269424 252605 236156 220140 204605 189609 175193 161380 148205 135681 123815 112608 102058 92154 82875 74203 66107 58563 51527 44972 38849 33115 27730 22645 17811 13183 8703 4326 
3495 7034 10662 14422 18357 22514 26929 31646 36709 42149 48013 54322 61124 68443 76303 84725 93734 103346 113561 124389 135826 147865 160484 173669 187382 201591 216249 231302 246689 262347 278196 294158 310145 326065 341821 357320 372445 387106 401192 414606 427242 439010 449811 459561 468185 475606 481764 486610 490104 492209 492915 492209 490101 486610 481766 475605 468183 459564 449811 439008 427243 414607 401194 387102 372443 357311 341816 326057 310137 294147 278181 262325 246665 231268 216207 201542 187319 173588 160386 147743 135680 124216 113348 103093 93430 84362 75869 67929 60517 53610 47172 41168 35562 30315 25384 20731 16303 12069 7965 3960 
3186 6416 9727 13157 16750 20540 24570 28876 33496 38465 43806 49573 55775 62450 69626 77312 85536 94306 103627 113508 123949 134932 146450 158482 171000 183968 197344 211082 225127 239417 253880 268449 283041 297566 311950 326093 339900 353280 366138 378380 389916 400652 410512 419410 427280 434057 439677 444097 447285 449209 449852 449208 447284 444101 439676 434053 427283 419410 410512 400653 389913 378383 366137 353279 339897 326088 311945 297563 283031 268435 253864 239398 225103 211053 197306 183916 170939 158411 146363 134823 123815 113349 103434 94072 85258 76981 69230 61985 55223 48917 43042 37565 32448 27660 23163 18913 14877 11009 7271 3614 
2897 5838 8845 11967 15232 18682 22343 26260 30460 34975 39841 45079 50724 56798 63320 70314 77791 85766 94251 103235 112729 122722 133197 144143 155527 167319 179490 191987 204760 217756 230916 244165 257441 270656 283741 296602 309163 321334 333028 344167 354660 364429 373396 381493 388650 394811 399924 403951 406848 408597 409180 408596 406846 403950 399926 394812 388648 381492 373394 364429 354661 344164 333031 321333 309160 296600 283735 270651 257434 244158 230903 217742 204739 191959 179454 167278 155475 144075 133118 122621 112609 103090 94071 85556 77537 70012 62963 56371 50221 44488 39146 34160 29512 25154 21064 17201 13529 10012 6613 3287 
2626 5287 8017 10844 13804 16926 20250 23797 27603 31698 36105 40855 45969 51476 57385 63724 70500 77731 85416 93562 102168 111222 120720 130640 140961 151653 162677 174008 185587 197368 209294 221307 233340 245315 257177 268836 280222 291252 301854 311951 321466 330315 338448 345785 352273 357859 362497 366141 368769 370356 370887 370353 368769 366143 362496 357859 352274 345787 338446 330320 321461 311950 301858 291251 280221 268833 257170 245311 233329 221297 209286 197352 185565 173981 162652 151611 140912 130578 120646 111136 102059 93430 85256 77541 70272 63450 57060 51086 45514 40319 35475 30959 26742 22797 19088 15591 12261 9073 5991 2979 
2371 4774 7236 9789 12463 15286 18279 21486 24924 28618 32597 36885 41503 46474 51815 57536 63656 70182 77126 84483 92251 100428 109005 117962 127283 136934 146896 157126 167580 178219 188994 199839 210703 221525 232230 242764 253044 263009 272583 281698 290288 298290 305628 312256 318114 323159 327347 330640 333015 334446 334925 334444 333014 330639 327347 323162 318116 312254 305629 298289 290290 281699 272583 263008 253043 242764 232229 221518 210696 199834 188979 178208 167564 157104 146867 136900 127238 117908 108939 100348 92153 84363 76982 70011 63449 57290 51520 46128 41094 36401 32028 27953 24146 20581 17235 14075 11069 8191 5411 2691 
2132 4290 6508 8803 11205 13744 16440 19319 22412 25734 29313 33169 37324 41791 46594 51742 57245 63118 69356 75973 82963 90318 98029 106087 114470 123152 132112 141312 150715 160286 169972 179730 189502 199234 208867 218339 227587 236547 245163 253359 261088 268280 274885 280845 286118 290653 294422 297381 299517 300805 301233 300806 299516 297385 294420 290652 286117 280846 274884 268281 261088 253360 245158 236547 227585 218334 208862 199231 189498 179725 169964 160274 150702 141291 132085 123121 114428 106039 97971 90246 82875 75868 69229 62962 57060 51520 46330 41480 36955 32739 28803 25133 21711 18509 15497 12658 9956 7367 4865 2421 
1907 3847 5826 7878 10033 12305 14717 17296 20062 23038 26244 29698 33417 37418 41716 46323 51256 56509 62097 68023 74281 80867 87774 94988 102494 110266 118289 126528 134952 143517 152196 160936 169682 178396 187023 195506 203787 211811 219522 226869 233786 240232 246142 251482 256198 260263 263636 266290 268205 269353 269742 269353 268204 266291 263638 260267 256202 251483 246142 240231 233788 226868 219526 211811 203788 195507 187019 178393 169678 160925 152190 143508 134938 126510 118267 110243 102459 94943 87723 80803 74202 67927 61986 56370 51086 46124 41481 37137 33088 29308 25784 22506 19439 16571 13876 11330 8911 6594 4358 2164 
1699 3421 5190 7020 8937 10959 13112 15407 17874 20524 23377 26452 29771 33334 37166 41268 45660 50343 55325 60602 66179 72046 78198 84629 91313 98244 105390 112731 120234 127875 135600 143385 151186 158948 166634 174193 181574 188722 195594 202141 208305 214045 219314 224071 228278 231901 234903 237269 238970 240000 240342 239997 238970 237267 234903 231900 228278 224072 219313 214044 208305 202141 195598 188723 181572 174191 166633 158945 151180 143380 135593 127861 120225 112718 105370 98217 91283 84590 78155 71987 66108 60518 55222 50222 45513 41095 36954 33086 29474 26109 22972 20049 17318 14760 12360 10096 7940 5874 3883 1928 
1506 3033 4597 6217 7914 9706 11615 13647 15834 18178 20709 23434 26371 29527 32918 36557 40449 44596 49006 53683 58625 63822 69273 74969 80896 87029 93365 99865 106516 113278 120131 127027 133935 140815 147624 154319 160859 167195 173282 179081 184543 189633 194298 198512 202239 205449 208109 210204 211713 212626 212930 212623 211714 210207 208110 205449 202240 198513 194298 189632 184545 179083 173283 167195 160856 154318 147624 140812 133930 127024 120122 113271 106506 99854 93345 87009 80865 74935 69233 63770 58565 53609 48917 44488 40316 36400 32733 29307 26110 23128 20351 17755 15340 13076 10948 8940 7033 5205 3435 1707 
1323 2666 4041 5472 6964 8542 10219 12009 13928 15996 18221 20618 23202 25979 28966 32165 35588 39240 43122 47236 51584 56156 60955 65966 71178 76583 82152 87878 93726 99678 105710 111779 117855 123911 129904 135794 141552 147124 152486 157586 162395 166871 170979 174687 177968 180790 183133 184978 186307 187110 187374 187107 186307 184976 183135 180791 177966 174688 170979 166871 162395 157588 152484 147125 141552 135795 129903 123909 117852 111774 105702 99673 93717 87863 82140 76561 71158 65936 60919 56113 51528 47171 43043 39144 35474 32028 28802 25789 22970 20349 17902 15628 13494 11504 9634 7868 6189 4581 3023 1506 
1155 2329 3528 4774 6077 7454 8917 10479 12156 13958 15902 17992 20248 22674 25276 28070 31057 34247 37635 41223 45018 49012 53199 57570 62121 66838 71700 76695 81801 86999 92259 97556 102865 108147 113379 118525 123543 128414 133088 137544 141738 145646 149230 152472 155333 157796 159843 161449 162609 163310 163543 163309 162609 161452 159844 157798 155333 152471 149233 145646 141738 137543 133091 128410 123545 118523 113377 108145 102861 97555 92252 86995 81794 76685 71688 66821 62103 57545 53167 48972 44971 41167 37565 34161 30958 27949 25134 22506 20046 17757 15627 13633 11777 10043 8407 6864 5400 3995 2641 1312 
999 2009 3047 4122 5249 6439 7700 9050 10500 12057 13735 15543 17490 19585 21833 24250 26829 29582 32508 35611 38888 42337 45954 49733 53664 57735 61939 66256 70666 75158 79703 84277 88862 93428 97948 102390 106731 110933 114974 118823 122448 125823 128922 131720 134192 136321 138086 139482 140481 141086 141287 141088 140481 139479 138090 136322 134191 131719 128922 125823 122449 118827 114976 110937 106727 102390 97948 93426 88859 84273 79699 75150 70660 66246 61927 57725 53645 49712 45928 42305 38847 35562 32448 29509 26742 24145 21712 19440 17319 15339 13495 11778 10172 8672 7264 5929 4664 3452 2278 1136 
850 1711 2599 3515 4475 5489 6565 7714 8948 10276 11707 13249 14907 16696 18613 20668 22871 25214 27711 30358 33150 36091 39173 42399 45747 49220 52800 56483 60243 64069 67943 71848 75754 79645 83500 87288 90991 94573 98017 101299 104390 107268 109908 112299 114401 116216 117726 118908 119764 120278 120453 120278 119766 118908 117726 116217 114404 112295 109909 107269 104392 101300 98018 94576 90990 87287 83499 79647 75753 71846 67939 64064 60237 56475 52793 49206 45733 42379 39153 36061 33113 30317 27659 25153 22799 20583 18507 16571 14762 13075 11505 10038 8675 7391 6189 5056 3975 2942 1941 968 
711 1435 2177 2941 3746 4596 5495 6462 7492 8608 9805 11093 12485 13979 15588 17308 19149 21117 23206 25417 27759 30223 32804 35500 38308 41215 44217 47300 50448 53653 56896 60165 63438 66697 69924 73099 76197 79198 82088 84829 87421 89828 92044 94038 95804 97324 98589 99579 100294 100728 100873 100728 100294 99580 98588 97326 95804 94039 92042 89827 87419 84833 82085 79197 76195 73096 69925 66695 63438 60162 56896 53650 50443 47292 44207 41207 38297 35486 32785 30197 27732 25384 23164 21066 19088 17235 15498 13876 12361 10949 9633 8408 7261 6190 5186 4232 3329 2465 1628 809 
582 1171 1775 2403 3060 3752 4491 5273 6120 7028 8005 9058 10194 11417 12729 14136 15637 17242 18952 20758 22669 24682 26786 28994 31285 33660 36108 38624 41197 43814 46465 49133 51805 54470 57105 59695 62225 64679 67034 69276 71393 73360 75166 76799 78240 79483 80511 81326 81907 82258 82377 82259 81907 81324 80513 79481 78242 76798 75167 73362 71391 69278 67034 64679 62226 59696 57102 54471 51805 49134 46461 43813 41193 38621 36104 33653 31271 28980 26774 24661 22645 20729 18914 17200 15590 14074 12655 11331 10096 8939 7867 6866 5929 5057 4233 3460 2718 2011 1329 663 
456 922 1399 1889 2405 2951 3530 4149 4811 5526 6298 7124 8021 8977 10011 11117 12301 13561 14904 16327 17831 19410 21071 22804 24605 26475 28402 30382 32406 34461 36548 38648 40750 42844 44917 46957 48947 50873 52726 54494 56156 57703 59125 60407 61542 62521 63330 63966 64429 64708 64797 64701 64429 63967 63331 62519 61544 60410 59124 57704 56155 54494 52728 50874 48945 46957 44917 42843 40749 38646 36546 34462 32400 30377 28395 26469 24599 22793 21059 19399 17811 16304 14878 13530 12262 11070 9956 8910 7940 7031 6186 5400 4663 3975 3329 2718 2139 1586 1047 520 
339 684 1036 1400 1778 2184 2618 3068 3562 4090 4661 5275 5933 6647 7408 8226 9101 10037 11029 12084 13196 14365 15593 16876 18212 19589 21017 22483 23979 25503 27047 28597 30156 31705 33238 34749 36221 37650 39023 40324 41555 42702 43754 44705 45545 46265 46868 47337 47678 47882 47950 47885 47679 47338 46868 46265 45547 44703 43753 42702 41557 40327 39019 37649 36219 34748 33239 31705 30155 28600 27046 25503 23978 22479 21016 19586 18202 16867 15583 14354 13183 12068 11009 10011 9075 8192 7367 6596 5875 5204 4580 3995 3452 2941 2467 2012 1584 1169 773 388 
221 452 682 922 1177 1444 1724 2027 2352 2701 3077 3483 3918 4388 4893 5432 6011 6625 7282 7978 8712 9485 10295 11141 12022 12939 13875 14845 15835 16837 17856 18883 19911 20933 21946 22945 23916 24855 25761 26627 27440 28193 28888 29516 30070 30549 30942 31254 31479 31615 31660 31615 31480 31254 30942 30546 30071 29516 28886 28193 27438 26628 25762 24858 23916 22941 21947 20934 19908 18881 17858 16837 15833 14840 13876 12935 12019 11136 10290 9476 8704 7967 7269 6611 5991 5410 4864 4357 3877 3437 3023 2641 2278 1944 1627 1329 1045 775 512 256 
112 225 340 461 585 716 861 1008 1170 1345 1529 1733 1949 2183 2431 2701 2989 3295 3620 3966 4332 4714 5121 5539 5978 6429 6899 7379 7871 8369 8877 9387 9899 10404 10909 11405 11887 12359 12806 13235 13639 14017 14360 14671 14945 15186 15380 15540 15648 15716 15736 15716 15649 15538 15380 15183 14952 14672 14363 14013 13643 13234 12806 12357 11887 11405 10910 10407 9897 9387 8879 8371 7869 7379 6898 6428 5973 5538 5118 4713 4326 3959 3615 3285 2978 2689 2419 2167 1930 1710 1504 1312 1136 967 811 661 524 388 254 127 
