//100 100 0.7
5265 5367 5566 5857 6251 6745 7341 8049 8862 9789 10835 11997 13283 14698 16243 17916 19728 21672 23751 25966 28316 30794 33400 36128 38968 41915 44957 48087 51285 54543 57842 61162 64492 67807 71090 74317 77474 80529 83466 86262 88896 91352 93604 95638 97435 98984 100269 101282 102009 102447 102597 102450 102008 101282 100269 98987 97437 95638 93609 91354 88901 86263 83471 80533 77478 74326 71099 67815 64500 61171 57849 54553 51299 48102 44976 41936 38995 36155 33438 30835 28364 26021 23817 21749 19817 18025 16364 14840 13452 12195 11060 10054 9166 8399 7747 7205 6781 6457 6247 6143 
5364 5467 5667 5964 6364 6868 7478 8193 9022 9966 11030 12213 13523 14961 16536 18240 20081 22062 24180 26434 28826 31349 34000 36780 39668 42669 45766 48950 52205 55520 58879 62260 65650 69024 72367 75652 78865 81973 84964 87807 90491 92989 95281 97355 99183 100759 102068 103096 103838 104286 104434 104284 103839 103098 102066 100758 99185 97354 95287 92994 90496 87812 84964 81979 78867 75657 72374 69031 65657 62270 58888 55535 52220 48965 45785 42690 39694 36806 34036 31389 28873 26493 24245 22140 20175 18346 16658 15110 13693 12412 11261 10234 9333 8550 7885 7337 6901 6578 6360 6254 
5554 5661 5869 6177 6589 7116 7742 8488 9344 10324 11420 12648 14004 15496 17121 18887 20795 22844 25036 27370 29846 32457 35205 38080 41073 44181 47386 50679 54055 57484 60961 64461 67970 71463 74924 78327 81649 84869 87965 90915 93688 96275 98649 100789 102687 104317 105671 106736 107505 107967 108122 107967 107504 106739 105674 104320 102688 100794 98651 96277 93689 90915 87967 84874 81656 78331 74929 71476 67979 64470 60970 57495 54066 50696 47403 44200 41099 38110 35242 32501 29893 27429 25105 22923 20891 18996 17248 15647 14182 12853 11657 10598 9663 8852 8168 7598 7148 6810 6590 6474 
5846 5958 6176 6500 6936 7482 8147 8928 9828 10855 12011 13304 14727 16295 18004 19860 21868 24020 26326 28784 31385 34131 37022 40042 43188 46453 49825 53294 56834 60443 64096 67781 71466 75142 78778 82355 85849 89233 92489 95586 98506 101223 103720 105976 107963 109680 111105 112223 113031 113521 113679 113517 113031 112225 111104 109681 107966 105976 103723 101228 98508 95591 92494 89243 85853 82362 78786 75149 71477 67787 64107 60458 56849 53307 49843 46477 43216 40071 37057 34175 31437 28843 26398 24108 21967 19977 18142 16452 14911 13516 12260 11145 10163 9314 8588 7994 7517 7164 6925 6810 
6234 6356 6584 6933 7396 7980 8684 9516 10478 11574 12805 14180 15700 17371 19194 21173 23307 25604 28059 30677 33450 36377 39454 42673 46032 49508 53100 56790 60572 64413 68309 72228 76159 80075 83952 87761 91486 95094 98559 101858 104970 107867 110527 112925 115050 116875 118394 119585 120445 120965 121139 120964 120448 119584 118397 116875 115049 112929 110528 107869 104973 101864 98562 95095 91489 87767 83956 80083 76167 72241 68319 64426 60585 56812 53119 49530 46057 42709 39492 36425 33502 30742 28135 25692 23415 21293 19333 17537 15897 14408 13071 11878 10835 9928 9156 8516 8015 7634 7384 7263 
6726 6855 7102 7475 7977 8603 9364 10263 11297 12477 13806 15287 16921 18723 20689 22821 25120 27597 30244 33063 36052 39207 42522 45988 49606 53356 57223 61205 65275 69416 73610 77840 82076 86288 90465 94573 98583 102470 106204 109763 113115 116234 119099 121686 123972 125942 127575 128861 129789 130346 130533 130347 129785 128861 127577 125944 123973 121688 119104 116235 113119 109765 106210 102477 98587 94583 90475 86298 82084 77848 73624 69426 65289 61224 57247 53377 49636 46024 42563 39254 36108 33131 30323 27692 25231 22953 20840 18902 17134 15528 14088 12804 11677 10699 9871 9182 8638 8232 7963 7826 
7321 7460 7732 8137 8679 9366 10187 11164 12290 13574 15015 16626 18408 20363 22500 24816 27320 30011 32888 35954 39199 42634 46235 50010 53936 58015 62223 66547 70972 75476 80035 84630 89233 93820 98359 102824 107185 111405 115469 119333 122980 126370 129484 132296 134783 136922 138698 140096 141102 141710 141914 141711 141104 140096 138700 136922 134785 132297 129485 126374 122979 119337 115476 111411 107188 102831 98365 93827 89243 84641 80050 75488 70990 66566 62244 58040 53968 50047 46282 42685 39265 36026 32975 30112 27440 24957 22663 20558 18631 16892 15321 13926 12699 11641 10735 9989 9396 8952 8659 8513 
8023 8173 8471 8913 9508 10255 11161 12228 13459 14864 16445 18206 20155 22297 24636 27172 29912 32857 36006 39362 42919 46673 50617 54748 59047 63507 68116 72849 77692 82620 87612 92643 97679 102698 107663 112550 117323 121947 126391 130622 134608 138321 141729 144804 147525 149869 151815 153342 154445 155109 155331 155110 154443 153343 151814 149871 147528 144811 141731 138321 134614 130625 126395 121954 117327 112555 107674 102706 97690 92652 87622 82635 77710 72869 68139 63537 59080 54787 50665 46727 42984 39442 36100 32965 30045 27325 24815 22506 20401 18491 16779 15249 13906 12744 11755 10941 10287 9807 9487 9322 
8836 8998 9328 9813 10467 11290 12286 13455 14813 16358 18093 20033 22176 24532 27104 29893 32911 36148 39613 43303 47217 51343 55684 60223 64954 69863 74927 80135 85462 90880 96372 101902 107443 112962 118426 123798 129045 134131 139017 143673 148057 152142 155889 159272 162265 164837 166975 168661 169870 170602 170847 170601 169870 168659 166980 164841 162268 159273 155890 152141 148062 143674 139024 134139 129050 123806 118433 112972 107456 101914 96383 90895 85482 80158 74952 69893 64994 60266 55734 51408 47287 43389 39715 36271 33050 30060 27298 24763 22445 20346 18458 16780 15302 14020 12937 12036 11326 10787 10436 10261 
9759 9942 10301 10838 11558 12465 13563 14858 16355 18056 19977 22114 24483 27082 29916 32998 36325 39901 43721 47797 52109 56667 61456 66465 71685 77101 82691 88436 94313 100294 106349 112454 118567 124655 130683 136614 142404 148014 153405 158542 163379 167881 172018 175751 179052 181892 184254 186108 187444 188251 188519 188250 187446 186112 184251 181899 179052 175754 172021 167884 163382 158544 153409 148020 142411 136620 130692 124665 118579 112464 106365 100312 94330 88460 82716 77132 71725 66512 61513 56734 52188 47887 43835 40029 36478 33182 30132 27332 24776 22458 20377 18521 16892 15480 14278 13288 12499 11912 11521 11327 
10801 11001 11401 11994 12790 13794 15006 16439 18091 19973 22094 24464 27077 29948 33087 36491 40170 44120 48351 52849 57622 62663 67955 73493 79264 85250 91430 97781 104277 110890 117588 124335 131090 137824 144489 151043 157440 163644 169604 175280 180628 185609 190178 194306 197954 201096 203701 205752 207232 208123 208422 208125 207231 205755 203705 201097 197959 194306 190180 185611 180633 175283 169609 163647 157447 151049 144496 137835 131104 124346 117601 110909 104302 97807 91461 85286 79308 73547 68015 62731 57708 52952 48471 44266 40342 36690 33324 30226 27400 24840 22535 20484 18683 17119 15793 14697 13826 13174 12743 12528 
11963 12185 12620 13278 14165 15269 16615 18196 20026 22111 24457 27074 29970 33152 36622 40388 44457 48834 53510 58488 63771 69348 75202 81332 87718 94338 101176 108204 115391 122709 130119 137579 145057 152508 159877 167134 174211 181072 187669 193947 199864 205374 210431 214993 219032 222509 225390 227659 229298 230284 230610 230282 229297 227662 225391 222509 219033 214998 210433 205375 199868 193951 187671 181079 174217 167137 159889 152518 145072 137594 130135 122727 115417 108231 101208 94378 87762 81388 75266 69424 63863 58603 53641 48990 44644 40608 36876 33452 30326 27491 24945 22671 20681 18949 17480 16270 15304 14583 14106 13868 
13251 13490 13977 14705 15678 16906 18391 20146 22169 24474 27076 29969 33170 36688 40532 44699 49205 54039 59216 64728 70572 76737 83217 90002 97066 104393 111958 119733 127687 135780 143978 152236 160509 168748 176906 184926 192759 200356 207647 214595 221142 227233 232831 237879 242348 246190 249382 251890 253702 254794 255159 254792 253701 251894 249385 246192 242349 237884 232832 227238 221144 214598 207655 200357 192769 184935 176913 168760 160519 152250 143996 135801 127713 119764 111994 104433 97118 90061 83292 76823 70673 64853 59363 54216 49408 44940 40813 37025 33561 30424 27605 25098 22887 20975 19352 18004 16941 16141 15616 15348 
14661 14933 15463 16270 17350 18702 20348 22286 24520 27072 29944 33145 36688 40579 44825 49436 54412 59765 65489 71580 78042 84858 92026 99524 107336 115437 123801 132396 141191 150137 159202 168334 177478 186589 195605 204473 213138 221529 229593 237272 244511 251248 257435 263018 267956 272208 275731 278506 280508 281713 282119 281716 280508 278511 275734 272206 267958 263019 257437 251254 244514 237278 229600 221535 213142 204481 195618 186600 177492 168349 159222 150164 141218 132428 123840 115482 107392 99592 92103 84958 78154 71715 65648 59954 54638 49701 45140 40947 37119 33651 30533 27757 25313 23201 21399 19916 18738 17855 17270 16979 
16202 16500 17090 17975 19169 20668 22479 24620 27092 29908 33080 36617 40528 44825 49513 54603 60104 66013 72332 79061 86198 93725 101639 109922 118547 127492 136728 146223 155929 165816 175822 185903 196001 206062 216020 225812 235377 244643 253550 262030 270023 277461 284288 290458 295908 300600 304497 307559 309768 311101 311546 311102 309769 307561 304497 300602 295910 290459 284293 277463 270025 262035 253555 244649 235384 225823 216028 206072 196016 185920 175840 165838 155961 146257 136771 127543 118605 109992 101728 93829 86319 79212 72508 66221 60352 54895 49858 45228 41000 37167 33726 30662 27965 25628 23645 22002 20698 19725 19079 18756 
17877 18203 18857 19836 21143 22797 24798 27155 29882 32987 36483 40382 44693 49430 54603 60221 66279 72795 79765 87184 95050 103351 112076 121202 130717 140580 150762 161229 171932 182827 193861 204975 216109 227201 238179 248975 259520 269734 279554 288902 297711 305912 313441 320237 326250 331422 335716 339094 341530 342998 343488 342998 341529 339095 335719 331426 326250 320241 313445 305917 297714 288907 279560 269741 259527 248982 238189 227213 216128 204994 193885 182857 171963 161265 150807 140634 130781 121285 112169 103467 95183 87344 79957 73024 66550 60539 54983 49878 45215 40993 37194 33812 30839 28267 26077 24267 22828 21756 21042 20688 
19683 20047 20762 21836 23282 25098 27299 29897 32895 36314 40158 44450 49196 54410 60101 66279 72952 80119 87787 95953 104610 113743 123347 133390 143858 154709 165916 177436 189211 201199 213341 225574 237824 250027 262104 273984 285586 296827 307630 317918 327612 336634 344919 352398 359015 364704 369428 373145 375824 377437 377980 377441 375825 373145 369430 364703 359013 352402 344925 336637 327614 317927 307636 296835 285595 273993 262118 250040 237839 225592 213367 201228 189248 177474 165966 154770 143927 133477 123450 113869 104758 96130 87999 80371 73247 66630 60518 54898 49767 45117 40941 37222 33946 31112 28705 26712 25130 23948 23165 22772 
21628 22024 22806 23990 25578 27572 29990 32838 36135 39884 44113 48821 54032 59758 66009 72792 80119 87993 96410 105376 114882 124917 135458 146486 157979 169897 182199 194845 207779 220943 234273 247701 261154 274554 287816 300858 313599 325939 337803 349095 359740 369643 378741 386953 394215 400464 405653 409736 412671 414450 415038 414449 412674 409734 405653 400465 394218 386957 378745 369649 359742 349104 337806 325946 313604 300870 287829 274569 261170 247723 234302 220972 207815 194891 182253 169961 158057 146579 135570 125050 115042 105575 96641 88264 80445 73177 66460 60291 54661 49556 44965 40878 37286 34173 31529 29339 27603 26306 25445 25017 
23705 24140 25000 26296 28030 30216 32868 35991 39597 43707 48338 53498 59208 65479 72327 79760 87786 96409 105637 115458 125869 136862 148410 160493 173084 186138 199616 213470 227637 242060 256663 271372 286108 300785 315316 329603 343554 357076 370070 382441 394098 404952 414916 423911 431866 438712 444390 448862 452084 454027 454678 454027 452083 448866 444392 438711 431868 423912 414918 404957 394104 382447 370076 357083 343565 329614 315327 300801 286127 271398 256689 242093 227681 213517 199678 186208 173166 160599 148533 137007 126049 115670 105887 96709 88139 80179 72824 66064 59891 54298 49274 44798 40858 37447 34551 32152 30249 28829 27885 27414 
25921 26393 27336 28748 30646 33039 35929 39341 43284 47779 52840 58478 64718 71575 79055 87179 95948 105377 115457 126191 137572 149582 162203 175409 189164 203434 218164 233298 248781 264537 280501 296573 312678 328716 344591 360205 375452 390228 404424 417944 430681 442542 453427 463258 471949 479427 485637 490524 494041 496165 496875 496167 494042 490523 485640 479432 471951 463261 453431 442545 430686 417951 404434 390233 375460 360216 344606 328733 312697 296596 280531 264576 248824 233352 218226 203507 189257 175519 162337 149740 137763 126419 115731 105702 96337 87635 79594 72209 65466 59354 53857 48964 44662 40932 37765 35148 33068 31512 30482 29967 
28270 28783 29808 31350 33419 36024 39180 42895 47196 52093 57608 63761 70558 78031 86190 95044 104606 114879 125868 137572 149973 163064 176821 191220 206212 221764 237821 254321 271197 288374 305765 323288 340839 358321 375626 392643 409258 425367 440839 455574 469457 482386 494252 504968 514436 522591 529358 534680 538518 540834 541605 540832 538518 534682 529360 522592 514440 504969 494253 482393 469465 455582 440847 425373 409270 392655 375640 358338 340862 323313 305797 288411 271246 254375 237890 221846 206313 191338 176966 163240 150185 137819 126164 115234 105025 95539 86777 78727 71372 64710 58720 53386 48693 44631 41182 38321 36055 34359 33236 32676 
30747 31307 32419 34098 36345 39176 42605 46651 51323 56647 62643 69331 76728 84849 93720 103344 113742 124911 136860 149578 163064 177299 192257 207903 224206 241111 258569 276505 294851 313524 332432 351479 370561 389566 408377 426878 444942 462448 479273 495289 510381 524435 537334 548978 559279 568138 575497 581285 585454 587968 588811 587973 585454 581284 575497 568141 559281 548982 537338 524438 510387 495293 479279 462455 444952 426890 408397 389583 370587 351508 332468 313567 294899 276565 258641 241201 224313 208034 192414 177486 163289 149850 137179 125297 114194 103885 94357 85599 77609 70364 63850 58053 52951 48533 44778 41675 39205 37367 36146 35535 
33353 33958 35166 36984 39421 42495 46210 50593 55663 61439 67938 75188 83207 92017 101629 112068 123340 135452 148405 162202 176822 192253 208469 225438 243113 261443 280370 299817 319711 339952 360457 381108 401794 422396 442793 462849 482434 501417 519654 537021 553384 568620 582605 595232 606391 616003 623978 630253 634774 637501 638411 637504 634773 630255 623978 616006 606395 595231 582609 568623 553392 537028 519663 501428 482447 462865 442810 422417 401820 381138 360492 339998 319764 299882 280451 261539 243229 225577 208639 192456 177066 162492 148757 135866 123833 112655 102321 92829 84160 76306 69243 62955 57426 52632 48562 45195 42522 40526 39199 38542 
36080 36731 38039 40005 42640 45962 49981 54723 60201 66445 73476 81317 89988 99510 109909 121198 133386 146483 160490 175404 191216 207901 225436 243785 262898 282716 303180 324208 345719 367607 389771 412103 434470 456750 478799 500487 521664 542185 561905 580683 598372 614843 629966 643616 655689 666076 674701 681483 686372 689320 690307 689322 686370 681487 674701 666078 655690 643620 629969 614849 598379 580689 561914 542193 521676 500502 478817 456771 434497 412133 389813 367656 345773 324278 303266 282819 263021 243933 225622 208121 191478 175720 160866 146930 133918 121826 110657 100390 91019 82524 74885 68089 62107 56925 52523 48883 45990 43833 42399 41686 
38919 39625 41030 43152 45994 49575 53910 59022 64930 71666 79245 87701 97053 107325 118533 130708 143850 157973 173077 189160 206210 224204 243115 262896 283505 304876 326939 349618 372806 396414 420312 444393 468508 492529 516308 539693 562523 584650 605914 626160 645236 662998 679300 694021 707033 718233 727532 734849 740122 743296 744361 743297 740119 734850 727534 718240 707036 694023 679301 663004 645242 626168 605922 584664 562534 539709 516326 492554 468536 444424 420355 396461 372871 349690 327034 304987 283640 263061 243305 224441 206493 189502 173481 158457 144422 131384 119339 108270 98159 89002 80768 73433 66985 61396 56649 52725 49605 47278 45730 44962 
41866 42623 44138 46418 49473 53323 57987 63483 69838 77078 85232 94323 104379 115423 127481 140570 154701 169890 186133 203427 221761 241109 261441 282716 304874 327859 351586 375964 400905 426282 451984 477873 503808 529637 555204 580347 604899 628689 651554 673322 693836 712929 730459 746286 760281 772327 782321 790187 795855 799273 800416 799272 795854 790189 782326 772327 760283 746292 730464 712933 693842 673328 651564 628699 604912 580362 555225 529660 503840 477910 452030 426340 400968 376045 351684 327977 305019 282891 261653 241363 222063 203790 186570 170406 155319 141302 128344 116439 105572 95719 86861 78982 72043 66033 60931 56706 53352 50850 49190 48359 
44908 45720 47341 49787 53066 57195 62192 68088 74902 82670 91410 101160 111944 123786 136718 150754 165909 182192 199609 218158 237816 258562 280365 303182 326939 351582 377025 403171 429911 457121 484684 512443 540251 567943 595360 622318 648642 674154 698670 722011 744004 764479 783278 800247 815248 828162 838885 847318 853392 857057 858282 857058 853394 847317 838885 828166 815252 800247 783281 764482 744011 722018 698678 674168 648657 622335 595384 567970 540281 512477 484730 457182 429978 403255 377132 351709 327094 303362 280592 258833 238140 218548 200076 182749 166565 151533 137642 124875 113221 102659 93159 84704 77269 70821 65347 60821 57225 54541 52758 51871 
48037 48902 50638 53253 56755 61176 66516 72822 80111 88412 97760 108187 119718 132385 146209 161217 177422 194838 213463 233293 254314 276502 299816 324204 349615 375964 403173 431124 459715 488818 518282 547964 577695 607315 636621 665446 693596 720874 747085 772043 795557 817452 837549 855691 871735 885543 897002 906022 912518 916437 917746 916435 912516 906021 897007 885547 871736 855698 837552 817455 795564 772049 747093 720884 693612 665466 636645 607338 577731 548005 518333 488878 459791 431216 403279 376100 349779 324406 300055 276790 254662 233711 213960 195431 178126 162054 147201 133545 121083 109785 99631 90591 82637 75744 69890 65048 61203 58331 56425 55476 
51233 52160 54009 56795 60534 65241 70941 77664 85439 94288 104258 115372 127671 141175 155920 171921 189203 207770 227631 248778 271190 294845 319706 345714 372805 400903 429910 459719 490200 521226 552645 584293 615996 647572 678825 709559 739573 768651 796601 823209 848283 871623 893052 912396 929503 944226 956446 966059 972984 977163 978563 977162 972985 966060 956445 944227 929506 912399 893059 871627 848290 823218 796613 768664 739587 709580 678848 647601 616033 584339 552702 521293 490279 459815 430026 401049 372979 345924 319962 295154 271559 249218 228164 208400 189952 172813 156968 142416 129126 117077 106252 96608 88126 80779 74536 69373 65272 62212 60178 59164 
54489 55474 57441 60402 64378 69385 75444 82593 90857 100273 110868 122690 135764 150126 165801 182817 201191 220935 242052 264533 288366 313522 339947 367604 396409 426279 457124 488814 521229 554216 587620 621271 654977 688546 721774 754453 786360 817280 846995 875286 901943 926760 949542 970110 988294 1003947 1016937 1027161 1034523 1038968 1040451 1038967 1034526 1027164 1016942 1003947 988298 970113 949544 926769 901947 875295 847006 817294 786379 754471 721799 688577 655015 621315 587676 554284 521311 488917 457247 426434 396595 367828 340221 313847 288760 265006 242614 221603 201985 183762 166919 151440 137312 124501 112987 102734 93719 85900 79265 73775 69414 66160 63999 62922 
57788 58831 60916 64056 68270 73579 80006 87584 96346 106327 117571 130097 143963 159187 175809 193850 213331 234265 256653 280493 305760 332428 360452 389770 420309 451984 484680 518282 552646 587622 623037 658711 694447 730041 765265 799909 833739 866521 898024 928018 956278 982587 1006742 1028546 1047827 1064421 1078196 1089030 1096837 1101549 1103121 1101549 1096837 1089031 1078197 1064424 1047830 1028549 1006746 982594 956286 928027 898033 866536 833758 799933 765292 730070 694490 658758 623096 587695 552737 518390 484813 452148 420504 390010 360738 332774 306175 280990 257248 234975 214176 194851 176991 160584 145599 132019 119810 108940 99377 91093 84052 78233 73611 70156 67867 66723 
61111 62211 64418 67738 72190 77805 84599 92615 101875 112429 124311 137562 152219 168318 185889 204963 225562 247692 271363 296567 323281 351479 381101 412098 444384 477869 512440 547961 584295 621267 658711 696424 734206 771831 809079 845698 881462 916118 949423 981131 1011008 1038820 1064357 1087407 1107790 1125335 1139895 1151350 1159601 1164581 1166248 1164581 1159607 1151349 1139896 1125336 1107794 1087412 1064360 1038827 1011017 981140 949436 916134 881480 845721 809104 771867 734246 696474 658773 621350 584385 548078 512581 478040 444592 412350 381403 351841 323722 297092 271994 248441 226451 206021 187140 169791 153950 139592 126685 115191 105081 96319 88881 82724 77836 74188 71764 70557 
64440 65599 67924 71426 76122 82040 89202 97648 107416 118546 131070 145042 160492 177463 195990 216099 237815 261146 286100 312670 340831 370557 401789 434468 468504 503806 540249 577696 615996 654976 694443 734205 774033 813696 852957 891570 929269 965801 1000909 1034335 1065831 1095152 1122070 1146371 1167856 1186347 1201699 1213776 1222476 1227724 1229481 1227727 1222474 1213778 1201699 1186350 1167859 1146373 1122075 1095159 1065840 1034346 1000924 965819 929287 891591 852987 813733 774075 734258 694513 655055 616097 577816 540394 503983 468723 434729 402109 370943 341295 313225 286762 261936 238755 217214 197305 179013 162316 147178 133567 121454 110791 101560 93712 87225 82069 78222 75669 74394 
67754 68977 71421 75098 80036 86257 93788 102668 112934 124634 137802 152488 168731 186573 206047 227188 250015 274544 300777 328710 358316 389561 422392 456742 492526 529634 567941 607308 647572 688545 730038 771831 813698 855393 896666 937248 976880 1015284 1052188 1087324 1120430 1151251 1179548 1205090 1227678 1247115 1263254 1275947 1285089 1290608 1292451 1290608 1285094 1275946 1263254 1247118 1227678 1205098 1179550 1151258 1120439 1087335 1052202 1015298 976900 937273 896694 855429 813742 771888 730104 688627 647675 607436 568098 529821 492756 457022 422728 389965 358798 329290 301473 275374 251003 228357 207436 188204 170650 154734 140429 127688 116484 106778 98527 91709 86286 82243 79560 78217 
71038 72314 74877 78737 83913 90432 98327 107635 118398 130662 144466 159859 176888 195589 216008 238167 262094 287805 315307 344584 375617 408373 442789 478796 516305 555199 595358 636621 678823 721773 765266 809076 852959 896665 939923 982467 1024005 1064258 1102945 1139774 1174475 1206780 1236439 1263214 1286885 1307270 1324175 1337482 1347072 1352849 1354787 1352851 1347068 1337483 1324177 1307269 1286892 1263219 1236446 1206788 1174481 1139785 1102955 1064277 1024025 982492 939957 896702 853005 809135 765338 721862 678934 636752 595517 555400 516542 479087 443138 408793 376129 345192 316036 288675 263132 239392 217455 197302 178896 162214 147216 133866 122117 111939 103295 96144 90462 86224 83410 82006 
74266 75602 78280 82313 87723 94536 102790 112521 123771 136591 151022 167111 184909 204457 225799 248961 273974 300850 329594 360197 392637 426872 462845 500481 539685 580344 622315 665445 709559 754450 799908 845698 891566 937248 982467 1026930 1070348 1112421 1152855 1191349 1227618 1261388 1292384 1320369 1345112 1366411 1384088 1397996 1408011 1414059 1416079 1414061 1408014 1397994 1384088 1366413 1345115 1320373 1292392 1261394 1227627 1191360 1152870 1112440 1070369 1026954 982501 937286 891618 845758 799985 754543 709670 665585 622483 580552 539938 500784 463213 427311 393167 360833 330354 301759 275053 250244 227316 206246 187010 169571 153893 139942 127656 117021 107983 100508 94568 90141 87195 85729 
77420 78811 81603 85808 91443 98547 107150 117292 129020 142377 157418 174189 192743 213120 235361 259503 285575 313587 343545 375443 409252 444936 482432 521657 562520 604894 648641 693592 739568 786358 833742 881462 929267 976880 1024006 1070349 1115599 1159452 1201590 1241709 1279513 1314703 1347016 1376180 1401967 1424166 1442588 1457080 1467523 1473823 1475934 1473826 1467526 1457082 1442591 1424166 1401972 1376186 1347019 1314714 1279520 1241723 1201604 1159469 1115623 1070376 1024039 976923 929319 881524 833814 786455 739685 693735 648816 605108 562780 521973 482813 445394 409809 376108 344338 314531 286701 260840 236942 214980 194928 176753 160418 145866 133070 121980 112560 104770 98579 93962 90895 89364 
80474 81921 84823 89192 95052 102435 111374 121916 134105 147990 163622 181052 200333 221511 244629 269721 296816 325930 357069 390218 425356 462442 501410 542179 584644 628687 674150 720867 768649 817278 866517 916118 965801 1015281 1064259 1112421 1159451 1205021 1248820 1290514 1329797 1366377 1399948 1430260 1457063 1480131 1499275 1514342 1525191 1531739 1533928 1531740 1525192 1514341 1499281 1480132 1457066 1430266 1399956 1366383 1329809 1290524 1248831 1205045 1159473 1112451 1064295 1015326 965854 916182 866601 817378 768771 721022 674331 628909 584917 542508 501804 462918 425932 390906 357893 326910 297986 271109 246269 223446 202610 183718 166734 151615 138312 126788 116995 108900 102466 97668 94480 92888 
83411 84913 87917 92445 98519 106169 115436 126359 138992 153382 169581 187644 207627 229579 253535 279538 307618 337792 370060 404415 440832 479267 519650 561899 605908 651550 698666 747081 796601 846991 898025 949420 1000911 1052188 1102941 1152853 1201589 1248818 1294201 1337411 1378122 1416025 1450820 1482232 1510005 1533909 1553755 1569360 1580608 1587393 1589664 1587392 1580612 1569362 1553753 1533915 1510008 1482236 1450826 1416033 1378130 1337426 1294216 1248836 1201614 1152884 1102978 1052230 1000964 949487 898106 847096 796725 747237 698856 651779 606190 562240 520061 479758 441427 405131 370914 338810 308832 280978 255236 231584 209988 190408 172809 157136 143353 131408 121261 112871 106202 101229 97924 96275 
86209 87758 90862 95542 101819 109726 119300 130590 143645 158514 175256 193925 214578 237256 262018 288887 317905 349086 382432 417934 455566 495282 537015 580678 626156 673319 722006 772038 823207 875284 928016 981130 1034335 1087324 1139775 1191347 1241711 1290512 1337411 1382060 1424130 1463298 1499252 1531713 1560411 1585115 1605617 1621751 1633368 1640382 1642725 1640380 1633370 1621751 1605624 1585118 1560414 1531716 1499260 1463304 1424142 1382075 1337426 1290532 1241736 1191379 1139809 1087370 1034394 981198 928103 875391 823337 772198 722204 673557 626443 581027 537438 495794 456183 418671 383314 350137 319159 290373 263773 239326 217012 196777 178590 162397 148149 135806 125321 116650 109759 104616 101204 99502 
88841 90443 93643 98461 104931 113079 122941 134577 148028 163354 180605 199845 221121 244493 270006 297695 327599 359728 394090 430674 469451 510374 553378 598368 645230 693831 743999 795552 848280 901938 956276 1011005 1065828 1120429 1174472 1227619 1279513 1329798 1378122 1424135 1467480 1507837 1544885 1578332 1607903 1633359 1654484 1671104 1683080 1690305 1692718 1690306 1683079 1671107 1654488 1633360 1607907 1578338 1544891 1507844 1467490 1424146 1378139 1329819 1279537 1227650 1174511 1120475 1065886 1011078 956366 902050 848412 795718 744200 694075 645528 598729 553815 510899 470084 431436 394996 360812 328887 299227 271816 246628 223631 202782 184037 167352 152674 139951 129146 120211 113111 107813 104296 102539 
91296 92939 96225 101181 107826 116196 126336 138290 152112 167855 185584 205350 227215 251232 277446 305899 336620 369635 404941 442534 482376 524424 568611 614840 662988 712926 764473 817448 871622 926755 982583 1038819 1095150 1151249 1206782 1261384 1314705 1366371 1416025 1463296 1507837 1549302 1587368 1621734 1652121 1678270 1699978 1717054 1729358 1736784 1739266 1736782 1729362 1717058 1699980 1678274 1652122 1621740 1587376 1549313 1507845 1463314 1416040 1366393 1314730 1261416 1206819 1151298 1095207 1038893 982676 926868 871757 817614 764680 713176 663296 615209 569058 524970 483028 443313 405876 370749 337946 307468 279304 253424 229791 208372 189110 171965 156883 143811 132709 123527 116231 110789 107173 105370 
93548 95231 98601 103678 110485 119064 129447 141698 155858 171992 190154 210410 232811 257415 284275 313426 344905 378731 414902 453420 494243 537327 582597 629961 679295 730455 783275 837542 893048 949539 1006739 1064352 1122068 1179544 1236440 1292383 1347014 1399948 1450819 1499255 1544885 1587370 1626371 1661578 1692708 1719505 1741743 1759239 1771846 1779450 1781993 1779452 1771848 1759242 1741747 1719508 1692715 1661582 1626376 1587377 1544899 1499263 1450838 1399971 1347038 1292418 1236477 1179595 1122130 1064430 1006832 949656 893191 837717 783481 730713 679608 630339 583058 537877 494910 454221 415863 379870 346264 315041 286178 259661 235451 213502 193768 176203 160747 147356 135977 126572 119097 113518 109816 107968 
95581 97301 100743 105930 112884 121647 132261 144776 159242 175726 194280 214974 237860 263002 290439 320226 352387 386941 423900 463248 504955 548970 595222 643610 694013 746282 800241 855687 912395 970105 1028543 1087403 1146369 1205089 1263211 1320370 1376177 1430262 1482230 1531710 1578331 1621737 1661577 1697546 1729353 1756726 1779447 1797320 1810197 1817970 1820567 1817968 1810198 1797324 1779447 1756729 1729353 1697553 1661587 1621741 1578340 1531726 1482246 1430285 1376205 1320399 1263254 1205139 1146431 1087482 1028640 970221 912537 855864 800456 746544 694332 643998 595691 549537 505638 464065 424875 388110 353771 321868 292387 265296 240558 218134 197972 180025 164236 150554 138933 129320 121683 115982 112198 110315 
97381 99129 102642 107919 115010 123936 134748 147494 162235 179024 197929 219012 242326 267936 295892 326233 358997 394204 431852 471939 514428 559268 606386 655680 707026 760277 815244 871729 929499 988291 1047821 1107787 1167852 1227675 1286885 1345112 1401965 1457061 1510004 1560411 1607904 1652117 1692708 1729352 1761748 1789636 1812781 1830991 1844113 1852025 1854676 1852026 1844112 1830994 1812787 1789641 1761756 1729355 1692716 1652126 1607915 1560424 1510021 1457081 1401992 1345146 1286926 1227727 1167915 1107864 1047919 988410 929645 871911 815465 760542 707351 656076 606864 559845 515121 472771 432849 395389 360410 327910 297874 270276 245075 222228 201693 183406 167322 153382 141540 131752 123967 118164 114309 112386 
98927 100707 104272 109636 116834 125904 136887 149837 164810 181865 201072 222484 246172 272188 300587 331410 364689 400453 438700 479419 522583 568132 615995 666070 718230 772319 828159 885541 944220 1003946 1064417 1125328 1186347 1247113 1307267 1366410 1424164 1480128 1533909 1585116 1633357 1678272 1719503 1756725 1789637 1817964 1841478 1859974 1873299 1881341 1884028 1881342 1873300 1859975 1841480 1817971 1789641 1756731 1719513 1678281 1633370 1585128 1533927 1480152 1424192 1366443 1307305 1247165 1186412 1125412 1064514 1004066 944371 885720 828382 772592 718559 666473 616481 568717 523286 480266 439712 401659 366125 333109 302600 274561 248962 225758 204891 186319 169976 155819 143789 133844 125938 120040 116122 114173 
100213 102014 105622 111061 118351 127536 138662 151785 166946 184227 203680 225369 249361 275715 304481 335701 369414 405640 444380 485626 529350 575489 623972 674694 727525 782317 838880 896998 956441 1016935 1078190 1139892 1201696 1263248 1324173 1384086 1442586 1499275 1553751 1605614 1654484 1699978 1741743 1779447 1812781 1841477 1865291 1884028 1897526 1905673 1908395 1905672 1897526 1884029 1865295 1841480 1812786 1779452 1741750 1699987 1654493 1605632 1553771 1499297 1442613 1384121 1324217 1263305 1201760 1139971 1078289 1017062 956590 897186 839102 782592 727860 675097 624464 576081 530062 486486 445404 406861 370869 337424 306520 278119 252188 228681 207546 188734 172184 157838 145655 135578 127573 121599 117631 115651 
101226 103042 106689 112177 119544 128825 140059 153309 168629 186080 205728 227640 251873 278490 307544 339080 373135 409719 448852 490512 534672 581275 630245 681477 734844 790184 847311 906015 966054 1027157 1089026 1151348 1213776 1275941 1337481 1397991 1457083 1514338 1569360 1621747 1671103 1717058 1759239 1797321 1830991 1859973 1884026 1902952 1916586 1924812 1927561 1924812 1916587 1902956 1884031 1859978 1830995 1797329 1759244 1717064 1671117 1621762 1569379 1514362 1457106 1398025 1337526 1275996 1213836 1151430 1089128 1027278 966206 906202 847537 790459 735180 681889 630743 581874 535392 491375 449888 410956 374599 340823 309603 280918 254727 230982 209639 190632 173915 159429 147120 136945 128858 122823 118819 116816 
101952 103783 107457 112987 120405 129748 141067 154412 169843 187416 207208 229273 253681 280489 309751 341515 375808 412659 452072 494031 538508 585445 634766 686364 740112 795848 853386 912510 972980 1034520 1096832 1159598 1222471 1285086 1347068 1408011 1467522 1525190 1580605 1633367 1683079 1729356 1771843 1810198 1844110 1873300 1897526 1916586 1930315 1938601 1941370 1938604 1930317 1916587 1897529 1873302 1844112 1810202 1771852 1729369 1683091 1633381 1580624 1525213 1467550 1408045 1347109 1285143 1222538 1159680 1096934 1034646 973134 912700 853614 796129 740452 686776 635264 586047 539234 494904 453112 413904 377290 343267 311825 282936 256558 232643 211145 192002 175166 160572 148180 137929 129783 123707 119671 117657 
102391 104233 107918 113473 120923 130307 141677 155075 170576 188223 208098 230261 254772 281697 311082 342983 377427 414436 454016 496154 540822 587961 637492 689314 743291 799269 857050 916431 977158 1038965 1101545 1164580 1227722 1290606 1352848 1414055 1473825 1531737 1587394 1640378 1690306 1736781 1779448 1817968 1852024 1881340 1905670 1924811 1938599 1946924 1949705 1946924 1938604 1924813 1905674 1881343 1852029 1817975 1779458 1736791 1690315 1640393 1587409 1531761 1473853 1414092 1352894 1290659 1227790 1164662 1101645 1039088 977312 916620 857284 799548 743634 689729 637994 588568 541553 497029 455061 415684 378911 344744 313168 284151 257659 233645 212051 192828 175917 161265 148818 138524 130342 124240 120187 118163 
102540 104380 108075 113634 121098 130495 141875 155301 170815 188494 208396 230590 255138 282097 311530 343472 377964 415028 454669 496865 541596 588803 638405 690299 744355 800409 858278 917742 978558 1040449 1103119 1166243 1229477 1292451 1354784 1416082 1475927 1533925 1589662 1642724 1692718 1739264 1781993 1820566 1854673 1884028 1908396 1927561 1941372 1949704 1952494 1949705 1941372 1927564 1908397 1884031 1854677 1820573 1781998 1739274 1692730 1642737 1589680 1533951 1475955 1416115 1354827 1292507 1229542 1166327 1103221 1040574 978708 917930 858508 800690 744698 690716 638908 589408 542325 497742 455714 416278 379452 345240 313616 284561 258027 233976 212354 193105 176170 161495 149030 138723 130530 124417 120358 118335 
102391 104230 107918 113470 120927 130307 141677 155077 170574 188223 208099 230259 254772 281697 311084 342981 377425 414434 454016 496156 540822 587961 637496 689312 743292 799266 857054 916429 977159 1038964 1101544 1164581 1227721 1290605 1352854 1414057 1473824 1531738 1587391 1640379 1690304 1736782 1779449 1817968 1852025 1881341 1905671 1924810 1938602 1946923 1949704 1946925 1938604 1924815 1905673 1881345 1852030 1817973 1779460 1736789 1690315 1640394 1587408 1531764 1473850 1414090 1352893 1290660 1227787 1164663 1101646 1039089 977315 916621 857282 799548 743631 689730 637994 588568 541550 497030 455061 415684 378912 344745 313167 284150 257659 233644 212054 192829 175921 161263 148817 138523 130344 124240 120187 118164 
101953 103785 107457 112989 120401 129750 141066 154414 169840 187419 207205 229274 253681 280486 309752 341514 375809 412659 452072 494033 538507 585445 634768 686365 740111 795850 853386 912514 972980 1034521 1096834 1159599 1222472 1285087 1347065 1408012 1467522 1525190 1580607 1633368 1683078 1729357 1771845 1810199 1844108 1873303 1897524 1916585 1930319 1938603 1941373 1938604 1930319 1916588 1897526 1873302 1844119 1810203 1771852 1729366 1683090 1633386 1580626 1525212 1467551 1408047 1347109 1285143 1222539 1159680 1096936 1034646 973136 912700 853615 796129 740452 686777 635266 586049 539235 494904 453115 413901 377289 343270 311825 282935 256555 232642 211144 192004 175164 160574 148177 137931 129782 123710 119670 117659 
101224 103043 106687 112178 119547 128824 140061 153311 168629 186080 205732 227638 251870 278493 307544 339080 373133 409719 448853 490516 534674 581274 630244 681477 734840 790183 847309 906014 966054 1027158 1089027 1151348 1213774 1275944 1337478 1397993 1457081 1514341 1569361 1621748 1671105 1717053 1759241 1797319 1830994 1859975 1884028 1902955 1916588 1924816 1927561 1924816 1916586 1902954 1884032 1859979 1830998 1797329 1759249 1717065 1671117 1621761 1569379 1514361 1457107 1398031 1337521 1275999 1213838 1151429 1089128 1027281 966205 906204 847539 790458 735179 681887 630741 581875 535393 491380 449886 410955 374599 340822 309602 280919 254726 230985 209640 190633 173915 159428 147124 136942 128858 122824 118819 116819 
100214 102014 105624 111059 118351 127537 138666 151782 166948 184228 203680 225368 249363 275714 304480 335700 369415 405638 444382 485628 529348 575491 623972 674694 727529 782317 838881 897001 956443 1016937 1078193 1139893 1201697 1263252 1324176 1384086 1442587 1499277 1553752 1605620 1654485 1699980 1741745 1779448 1812783 1841476 1865296 1884029 1897529 1905671 1908397 1905673 1897531 1884030 1865298 1841481 1812791 1779451 1741753 1699989 1654497 1605634 1553771 1499300 1442617 1384119 1324219 1263302 1201765 1139973 1078291 1017061 956593 897187 839104 782593 727864 675098 624461 576082 530063 486485 445408 406861 370869 337425 306519 278118 252188 228683 207550 188733 172182 157839 145653 135580 127571 121600 117634 115654 
98930 100706 104267 109635 116836 125907 136887 149837 164810 181869 201072 222487 246174 272186 300583 331407 364693 400452 438700 479420 522583 568132 615998 666070 718228 772321 828159 885539 944224 1003942 1064419 1125331 1186349 1247118 1307263 1366411 1424167 1480129 1533913 1585115 1633358 1678272 1719506 1756729 1789639 1817969 1841479 1859977 1873303 1881347 1884031 1881345 1873304 1859978 1841481 1817975 1789643 1756733 1719511 1678282 1633372 1585128 1533930 1480151 1424192 1366446 1307305 1247171 1186414 1125412 1064518 1004066 944372 885720 828382 772595 718561 666471 616480 568719 523286 480266 439711 401659 366127 333111 302597 274564 248963 225753 204892 186319 169976 155821 143788 133841 125937 120040 116122 114173 
97381 99133 102638 107923 115007 123935 134749 147495 162234 179028 197931 219010 242326 267937 295891 326235 358998 394204 431855 471941 514429 559269 606387 655682 707028 760277 815248 871730 929498 988294 1047825 1107787 1167858 1227676 1286889 1345114 1401969 1457061 1510009 1560413 1607907 1652120 1692710 1729353 1761754 1789638 1812785 1830994 1844114 1852029 1854679 1852027 1844113 1830998 1812787 1789645 1761759 1729361 1692718 1652131 1607916 1560430 1510024 1457086 1401997 1345145 1286928 1227728 1167919 1107868 1047922 988412 929647 871908 815467 760541 707355 656076 606865 559846 515122 472770 432850 395391 360411 327910 297878 270275 245072 222229 201691 183406 167324 153383 141540 131753 123968 118169 114308 112391 
95582 97301 100743 105929 112887 121647 132262 144777 159243 175723 194284 214974 237862 262999 290443 320224 352386 386942 423902 463250 504955 548973 595225 643611 694014 746284 800243 855690 912397 970110 1028545 1087408 1146370 1205090 1263215 1320372 1376179 1430265 1482233 1531716 1578334 1621737 1661582 1697552 1729354 1756733 1779451 1797325 1810206 1817973 1820570 1817974 1810204 1797327 1779452 1756734 1729359 1697558 1661591 1621744 1578346 1531730 1482250 1430284 1376207 1320406 1263254 1205142 1146433 1087486 1028644 970226 912541 855865 800458 746545 694335 643998 595692 549538 505640 464065 424878 388109 353772 321872 292386 265293 240557 218134 197973 180029 164234 150555 138933 129318 121682 115986 112201 110311 
93550 95231 98602 103675 110485 119064 129448 141699 155859 171992 190157 210411 232810 257417 284273 313429 344906 378734 414906 453419 494244 537328 582602 629961 679295 730459 783271 837545 893053 949541 1006743 1064359 1122070 1179550 1236443 1292389 1347016 1399954 1450825 1499258 1544890 1587374 1626376 1661583 1692711 1719510 1741748 1759248 1771850 1779458 1782000 1779456 1771852 1759247 1741751 1719516 1692718 1661590 1626381 1587384 1544901 1499274 1450841 1399972 1347043 1292420 1236484 1179597 1122133 1064433 1006836 949655 893192 837720 783484 730716 679608 630342 583057 537881 494912 454221 415863 379873 346265 315040 286180 259664 235449 213502 193768 176201 160748 147357 135977 126573 119095 113517 109815 107971 
91296 92937 96226 101180 107828 116198 126337 138290 152115 167855 185585 205351 227215 251231 277447 305898 336623 369636 404942 442533 482378 524429 568614 614842 662992 712929 764477 817448 871624 926760 982588 1038824 1095155 1151258 1206783 1261392 1314710 1366378 1416030 1463303 1507843 1549307 1587374 1621740 1652125 1678278 1699989 1717062 1729368 1736790 1739270 1736790 1729366 1717066 1699989 1678282 1652131 1621746 1587385 1549318 1507853 1463316 1416045 1366400 1314734 1261420 1206823 1151304 1095215 1038897 982682 926874 871761 817617 764682 713178 663300 615212 569064 524969 483027 443314 405876 370751 337950 307471 279303 253422 229794 208371 189111 171966 156884 143814 132710 123526 116232 110787 107173 105371 
88844 90443 93642 98465 104930 113077 122944 134578 148028 163357 180606 199843 221121 244494 270007 297697 327602 359728 394089 430674 469451 510375 553384 598372 645233 693834 744003 795557 848283 901947 956281 1011012 1065834 1120435 1174480 1227625 1279519 1329806 1378130 1424141 1467488 1507848 1544892 1578341 1607912 1633371 1654492 1671116 1683088 1690314 1692732 1690314 1683089 1671117 1654495 1633372 1607917 1578345 1544900 1507854 1467499 1424152 1378147 1329823 1279544 1227655 1174521 1120486 1065892 1011082 956370 902054 848418 795722 744206 694076 645533 598734 553816 510904 470087 431433 395000 360814 328892 299228 271816 246631 223631 202782 184039 167350 152675 139953 129147 120214 113111 107812 104296 102541 
86209 87757 90865 95543 101821 109727 119302 130591 143646 158517 175258 193929 214576 237257 262016 288890 317906 349090 382436 417938 455572 495287 537018 580681 626160 673320 722013 772044 823213 875290 928024 981137 1034343 1087332 1139782 1191359 1241720 1290526 1337421 1382070 1424144 1463307 1499262 1531723 1560422 1585128 1605630 1621758 1633383 1640391 1642736 1640393 1633380 1621761 1605633 1585130 1560430 1531727 1499270 1463318 1424151 1382086 1337436 1290543 1241742 1191390 1139818 1087377 1034399 981207 928110 875395 823343 772203 722208 673562 626452 581030 537442 495798 456185 418676 383314 350141 319163 290377 263772 239329 217012 196780 178591 162397 148153 135807 125324 116653 109760 104619 101205 99503 
83412 84915 87917 92447 98518 106170 115438 126362 138994 153381 169582 187648 207632 229579 253539 279542 307624 337796 370061 404422 440835 479269 519656 561903 605918 651557 698673 747089 796605 847003 898030 949432 1000919 1052197 1102951 1152864 1201602 1248828 1294213 1337424 1378139 1416040 1450832 1482246 1510020 1533925 1553770 1569378 1580623 1587409 1589679 1587411 1580625 1569379 1553770 1533929 1510026 1482250 1450841 1416045 1378145 1337437 1294230 1248847 1201628 1152894 1102988 1052241 1000977 949500 898114 847105 796733 747242 698861 651785 606195 562246 520066 479762 441430 405135 370919 338813 308833 280980 255240 231582 209987 190411 172809 157139 143354 131409 121261 112872 106205 101228 97925 96276 
80475 81921 84827 89193 95053 102435 111378 121918 134104 147991 163623 181054 200335 221516 244631 269725 296818 325932 357071 390223 425362 462447 501415 542187 584653 628693 674157 720879 768661 817290 866533 916129 965813 1015293 1064273 1112435 1159468 1205038 1248834 1290530 1329816 1366392 1399966 1430280 1457081 1480149 1499297 1514359 1525211 1531758 1533948 1531760 1525211 1514359 1499299 1480153 1457083 1430284 1399974 1366400 1329826 1290542 1248848 1205057 1159488 1112465 1064309 1015340 965865 916194 866610 817388 768783 721027 674342 628919 584925 542515 501811 462926 425936 390911 357897 326919 297989 271112 246272 223452 202608 183721 166736 151616 138316 126790 116998 108901 102468 97666 94480 92890 
77420 78814 81605 85809 91448 98547 107154 117293 129023 142380 157423 174195 192743 213122 235365 259507 285578 313594 343551 375449 409262 444943 482438 521667 562530 604903 648650 693605 739580 786372 833753 881476 929283 976893 1024023 1070366 1115618 1159471 1201610 1241732 1279535 1314727 1347036 1376204 1401991 1424189 1442612 1457106 1467550 1473850 1475957 1473851 1467548 1457110 1442615 1424190 1401997 1376207 1347042 1314736 1279541 1241744 1201628 1159488 1115640 1070394 1024055 976936 929335 881541 833830 786468 739698 693748 648825 605117 562792 521982 482820 445401 409817 376111 344345 314536 286706 260844 236944 214983 194934 176756 160416 145871 133070 121984 112562 104772 98582 93963 90895 89364 
74266 75603 78284 82317 87724 94541 102792 112526 123774 136591 151019 167114 184911 204465 225804 248968 273980 300855 329602 360206 392646 426879 462853 500497 539700 580353 622330 665461 709571 754466 799928 845716 891588 937268 982487 1026952 1070375 1112446 1152880 1191376 1227646 1261413 1292414 1320401 1345143 1366441 1384119 1398026 1408044 1414092 1416111 1414089 1408047 1398027 1384120 1366443 1345144 1320404 1292419 1261420 1227656 1191388 1152893 1112464 1070394 1026979 982521 937310 891638 845778 799999 754559 709686 665600 622501 580560 539948 500795 463220 427322 393176 360844 330362 301765 275059 250247 227320 206250 187014 169576 153897 139940 127662 117024 107983 100510 94572 90139 87198 85729 
71039 72318 74881 78739 83912 90435 98332 107636 118401 130663 144473 159862 176892 195598 216012 238175 262100 287816 315313 344594 375629 408380 442803 478809 516319 555220 595372 636638 678842 721797 765291 809098 852983 896692 939949 982493 1024037 1064293 1102976 1139808 1174509 1206815 1236479 1263252 1286925 1307302 1324215 1337521 1347108 1352890 1354825 1352893 1347107 1337524 1324220 1307307 1286928 1263256 1236481 1206824 1174517 1139819 1102990 1064308 1024055 982518 939985 896730 853028 809157 765363 721882 678950 636771 595534 555416 516561 479100 443151 408807 376138 345204 316043 288687 263134 239401 217461 197304 178901 162221 147220 133868 122122 111944 103297 96147 90465 86227 83410 82007 
67758 68976 71425 75102 80041 86260 93791 102676 112938 124635 137808 152494 168736 186579 206056 227196 250024 274555 300791 328722 358328 389579 422409 456761 492544 529653 567964 607332 647595 688572 730064 771858 813728 855425 896699 937284 976917 1015321 1052227 1087369 1120474 1151298 1179591 1205137 1227723 1247165 1263301 1275995 1285141 1290659 1292501 1290657 1285142 1275995 1263305 1247167 1227726 1205140 1179597 1151301 1120480 1087379 1052242 1015337 976936 937309 896725 855464 813774 771918 730132 688655 647698 607457 568121 529841 492772 457040 422744 389979 358812 329300 301489 275385 251013 228370 207439 188210 170657 154740 140432 127695 116489 106779 98531 91711 86293 82246 79561 78219 
64443 65604 67928 71430 76125 82045 89207 97655 107424 118549 131076 145046 160501 177470 196001 216107 237823 261159 286116 312685 340848 370576 401808 434487 468528 503832 540275 577723 616029 655009 694480 734243 774070 813739 853004 891611 929316 965851 1000961 1034389 1065883 1095206 1122127 1146427 1167914 1186411 1201760 1213836 1222538 1227786 1229542 1227788 1222539 1213838 1201764 1186414 1167918 1146434 1122130 1095215 1065893 1034399 1000975 965865 929334 891636 853033 813772 774114 734296 694547 655088 616127 577844 540423 504008 468746 434752 402131 370959 341311 313241 286778 261949 238763 217223 197316 179025 162323 147186 133574 121459 110798 101562 93716 87231 82073 78229 75672 74398 
61116 62213 64421 67744 72196 77811 84606 92618 101882 112436 124323 137571 152228 168329 185901 204979 225575 247709 271381 296585 323305 351497 381128 412125 444417 477903 512475 548000 584331 621309 658756 696469 734254 771883 809129 845755 881520 916180 949484 981197 1011072 1038892 1064426 1087480 1107864 1125406 1139971 1151426 1159681 1164662 1166324 1164660 1159679 1151428 1139972 1125410 1107867 1087483 1064432 1038898 1011084 981205 949499 916195 881539 845781 809156 771918 734296 696521 658817 621388 584428 548114 512614 478073 444623 412378 381429 351864 323740 297114 272012 248456 226470 206035 187154 169801 153961 139601 126690 115198 105090 96325 88887 82730 77839 74193 71768 70560 
57793 58836 60922 64062 68279 73583 80015 87590 96358 106335 117577 130113 143973 159200 175826 193866 213348 234284 256677 280516 305786 332456 360481 389804 420346 452022 484722 518326 552697 587670 623090 658769 694507 730102 765335 799980 833812 866596 898101 928100 956362 982673 1006830 1028636 1047915 1064515 1078287 1089129 1096934 1101644 1103220 1101644 1096936 1089124 1078289 1064520 1047920 1028640 1006833 982681 956368 928106 898113 866609 833829 800003 765360 730132 694546 658817 623150 587746 552782 518434 484855 452181 420545 390039 360771 332802 306203 281014 257274 234997 214192 194866 177004 160598 145613 132029 119819 108949 99388 91099 84060 78242 73615 70165 67871 66731 
54495 55480 57446 60409 64385 69393 75453 82601 90865 100282 110882 122703 135778 150140 165820 182838 201216 220958 242077 264567 288399 313557 339988 367646 396456 426331 457176 488871 521287 554280 587691 621340 655050 688628 721857 754540 786450 817375 847093 875387 902046 926866 949651 970222 988407 1004063 1017057 1027280 1034643 1039085 1040573 1039088 1034643 1027281 1017057 1004067 988409 970228 949657 926869 902055 875394 847103 817388 786469 754559 721882 688657 655086 621386 587748 554348 521373 488976 457299 426483 396639 367869 340261 313882 288792 265035 242639 221628 202013 183784 166936 151458 137326 124519 113000 102746 93727 85912 79276 73781 69421 66168 64005 62925 
51241 52168 54018 56803 60544 65249 70953 77677 85450 94303 104274 115390 127689 141196 155941 171948 189230 207803 227664 248815 271230 294891 319755 345764 372862 400962 429971 459786 490273 521307 552729 584382 616090 647668 678926 709664 739682 768769 796721 823333 848409 871757 893187 912536 929641 944367 956591 966203 973132 977310 978709 977311 973133 966205 956590 944370 929646 912537 893192 871760 848414 823345 796732 768782 739698 709687 678950 647696 616128 584428 552782 521370 490355 459879 430090 401106 373036 345978 320007 295196 271603 249256 228197 208433 189981 172836 156993 142434 129148 117095 106263 96621 88141 80791 74546 69385 65280 62220 60186 59176 
48044 48914 50647 53261 56766 61184 66533 72835 80127 88430 97782 108207 119741 132410 146239 161247 177460 194876 213503 233340 254365 276556 299873 324269 349683 376039 403248 431210 459808 488912 518385 548071 577810 607432 636749 665581 693734 721015 747234 772195 795716 817611 837713 855861 871905 885719 897180 906198 912697 916618 917930 916618 912698 906204 897182 885721 871910 855865 837721 817616 795721 772205 747241 721029 693747 665597 636771 607460 577845 548113 518435 488972 459881 431299 403360 376175 349848 324471 300113 276844 254714 233757 214003 195469 178162 162086 147228 133572 121107 109808 99648 90607 82651 75762 69902 65061 61216 58342 56435 55486 
44920 45734 47354 49799 53079 57210 62209 68107 74923 82692 91435 101186 111973 123818 136753 150790 165952 182240 199662 218213 237880 258630 280441 303254 327026 351674 377122 403274 430021 457244 484808 512573 540389 568095 595513 622480 648813 674328 698852 722197 744196 764676 783480 800453 815461 828380 839102 847537 853612 857282 858506 857284 853614 847537 839103 828380 815465 800457 783483 764684 744202 722206 698861 674340 648827 622497 595535 568117 540422 512616 484853 457299 430090 403362 377226 351800 327178 303443 280662 258905 238200 218604 200128 182796 166608 151575 137677 124907 113249 102683 93183 84727 77287 70840 65366 60838 57239 54553 52770 51881 
41880 42636 44150 46431 49490 53341 58004 63506 69861 77105 85259 94352 104415 115463 127523 140616 154756 169946 186199 203494 221838 241192 261532 282809 304981 327971 351702 376095 401038 426428 452140 478035 503979 529817 555393 580545 605103 628903 651777 673552 694071 713172 730714 746541 760539 772588 782590 790456 796124 799546 800689 799548 796127 790458 782591 772590 760541 746547 730714 713177 694076 673561 651787 628915 605117 580561 555414 529840 504011 478072 452185 426482 401106 376177 351801 328088 305123 282986 261739 241443 222143 203859 186632 170465 155371 141346 128386 116482 105606 95755 86890 79006 72069 66055 60951 56725 53371 50869 49204 48375 
38938 39641 41050 43173 46013 49595 53933 59047 64963 71697 79281 87740 97094 107371 118589 130766 143912 158042 173154 189243 206301 224304 243216 263013 283629 305013 327087 349771 372974 396588 420501 444593 468719 492749 516538 539932 562777 584913 606187 626441 645525 663294 679604 694329 707349 718561 727859 735177 740451 743630 744695 743631 740450 735179 727861 718560 707354 694333 679607 663297 645533 626446 606194 584921 562791 539947 516557 492772 468747 444623 420543 396638 373036 349848 327177 305126 283765 263175 243417 224539 206583 189585 173559 158528 144487 131444 119392 108317 98206 89039 80799 73467 67016 61424 56674 52748 49627 47299 45753 44981 
36100 36755 38060 40028 42667 45986 50008 54755 60237 66485 73519 81363 90039 99570 109975 121267 133466 146567 160584 175505 191329 208024 225571 243925 263051 282881 303357 324400 345918 367823 390002 412343 434724 457018 479081 500779 521969 542503 562236 581022 598725 615205 630337 643996 656072 666469 675098 681883 686775 689727 690713 689725 686775 681886 675097 666472 656074 643997 630340 615211 598731 581030 562242 542515 521981 500796 479099 457037 434751 412377 390040 367867 345975 324469 303442 282983 263174 244079 225752 208241 191590 175823 160959 147016 133995 121897 110724 100447 91070 82572 74929 68128 62143 56958 52554 48909 46018 43859 42427 41708 
33379 33982 35193 37013 39451 42523 46247 50632 55706 61483 67988 75244 83270 92085 101707 112154 123434 135556 148521 162323 176956 192402 208628 225612 243300 261645 280583 300047 319954 340214 360733 381399 402105 422722 443137 463206 482806 501802 520053 537435 553813 569056 583052 595688 606862 616476 624461 630738 635262 637993 638906 637995 635263 630740 624461 616478 606866 595691 583058 569061 553816 537442 520062 501810 482819 463221 443149 422745 402126 381431 360768 340262 320007 300112 280665 261740 243419 225752 208801 192604 177201 162617 148868 135974 123929 112741 102398 92899 84226 76362 69295 63005 57471 52674 48600 45233 42555 40557 39232 38569 
30780 31336 32452 34131 36385 39217 42651 46696 51374 56708 62710 69399 76804 84936 93810 103449 113855 125035 136996 149728 163227 177474 192448 208114 224431 241357 258826 276783 295150 313840 332767 351835 370935 389961 408789 427310 445392 462915 479755 495792 510899 524964 537879 549535 559840 568715 576078 581873 586047 588563 589406 588565 586046 581874 576083 568714 559845 549535 537880 524970 510902 495798 479763 462923 445403 427320 408805 389976 370960 351863 332804 313880 295198 276842 258901 241444 224539 208245 192604 177663 163457 150001 137317 125418 114313 103987 94451 85687 77687 70433 63913 58111 53006 48580 44824 41716 39246 37402 36180 35572 
28307 28820 29846 31392 33461 36072 39228 42951 47258 52160 57684 63842 70653 78137 86303 95167 104741 115032 126035 137750 150169 163282 177055 191470 206486 222054 238134 254653 271556 288755 306169 323713 341291 358794 376123 393164 409803 425926 441423 456180 470081 483022 494905 505634 515122 523280 530060 535393 539229 541548 542324 541551 539230 535393 530060 523283 515122 505636 494911 483028 470087 456184 441433 425936 409813 393173 376137 358812 341311 323746 306200 288791 271601 254710 238202 222140 206584 191591 177201 163456 150380 137999 126331 115387 105163 95668 86890 78828 71466 64796 58796 53454 48761 44688 41233 38371 36100 34406 33284 32720 
25966 26440 27382 28799 30700 33092 35991 39407 43359 47862 52927 58577 64831 71697 79192 87326 96116 105559 115655 126409 137812 149838 162482 175711 189490 203786 218541 233701 249214 265000 280984 297087 313219 329285 345190 360829 376103 390904 405127 418670 431427 443311 454216 464060 472768 480263 486481 491374 494902 497027 497740 497028 494901 491373 486484 480268 472769 464063 454218 443313 431433 418676 405132 390909 376111 360842 345206 329301 313238 297111 281015 265035 249257 233755 218603 203860 189584 175823 162616 149999 137999 126639 115933 105883 96504 87787 79733 72334 65579 59452 53948 49050 44738 41007 37829 35209 33124 31568 30535 30020 
23761 24193 25056 26354 28094 30287 32941 36069 39687 43806 48445 53620 59340 65631 72491 79941 87983 96629 105872 115719 126155 137171 148745 160857 173475 186560 200069 213954 228153 242607 257243 271990 286759 301466 316032 330353 344334 357887 370908 383310 394996 405870 415859 424875 432846 439708 445402 449884 453110 455059 455712 455060 453112 449886 445402 439709 432849 424878 415861 405876 394999 383317 370917 357895 344343 330361 316045 301485 286778 272010 257271 242639 228196 214001 200127 186632 173557 160960 148871 137318 126334 115929 106126 96927 88339 80360 72987 66212 60031 54422 49386 44896 40951 37533 34626 32227 30317 28892 27949 27476 
21692 22089 22873 24063 25652 27652 30078 32936 36238 40002 44240 48967 54195 59933 66204 73006 80354 88250 96698 105688 115223 125285 135859 146921 158445 170396 182745 195422 208396 221599 234970 248437 261930 275370 288673 301753 314528 326910 338806 350135 360809 370744 379868 388105 395387 401657 406858 410952 413901 415682 416274 415682 413904 410952 406860 401656 395391 388108 379872 370750 360810 350140 338810 326915 314536 301764 288684 275384 261947 248459 234995 221628 208434 195470 182795 170463 158525 147016 135972 125420 115388 105882 96928 88528 80683 73393 66657 60468 54821 49702 45098 41000 37400 34274 31620 29426 27684 26384 25523 25089 
19761 20121 20841 21921 23370 25196 27406 30008 33025 36451 40313 44623 49385 54619 60332 66536 73233 80428 88130 96326 105014 114185 123825 133911 144414 155313 166559 178120 189945 201983 214170 226450 238746 251000 263124 275051 286698 297981 308827 319154 328885 337945 346262 353769 360407 366125 370868 374598 377285 378907 379451 378908 377283 374599 370866 366125 360410 353772 346263 337947 328890 319158 308832 297988 286705 275059 263135 251009 238765 226469 214194 202011 189980 178160 166609 155372 144489 133994 123930 114311 105164 96502 88338 80684 73529 66886 60751 55109 49962 45293 41100 37365 34080 31231 28814 26815 25227 24041 23252 22862 
17968 18294 18949 19935 21253 22910 24924 27291 30032 33154 36665 40589 44923 49679 54881 60520 66613 73167 80165 87626 95530 103873 112645 121819 131376 141288 151528 162044 172804 183755 194844 206015 217208 228353 239390 250239 260835 271103 280974 290370 299223 307466 315035 321865 327907 333107 337422 340818 343267 344739 345234 344742 343268 340819 337423 333110 327910 321869 315037 307471 299227 290376 280977 271112 260841 250249 239398 228369 217222 206034 194866 183783 172838 162085 151570 141345 131444 121899 112738 103989 95667 87785 80362 73392 66888 60844 55260 50128 45443 41200 37381 33986 30995 28407 26208 24389 22944 21864 21148 20792 
16308 16611 17201 18097 19294 20802 22632 24779 27274 30103 33298 36856 40794 45117 49838 54965 60503 66446 72810 79584 86766 94345 102315 110647 119331 128335 137632 147188 156963 166911 176985 187137 197301 207427 217451 227310 236934 246268 255230 263768 271812 279300 286175 292383 297872 302596 306518 309599 311822 313166 313614 313163 311828 309602 306516 302595 297873 292384 286179 279305 271816 263771 255237 246271 236944 227318 217461 207437 197317 187150 177007 166935 156991 147224 137677 128385 119392 110722 102400 94450 86890 79735 72985 66660 60750 55258 50187 45524 41271 37414 33947 30861 28152 25795 23798 22148 20834 19857 19203 18879 
14788 15061 15596 16410 17496 18864 20522 22476 24731 27306 30201 33430 37002 40928 45211 49860 54881 60280 66051 72196 78714 85593 92819 100381 108260 116431 124868 133540 142408 151435 160578 169784 179010 188201 197295 206240 214980 223440 231578 239324 246624 253417 259659 265290 270271 274557 278119 280915 282931 284149 284554 284150 282933 280915 278118 274560 270272 265295 259661 253420 246627 239329 231581 223450 214982 206250 197307 188209 179022 169802 160596 151458 142434 133572 124909 116478 108314 100450 92897 85688 78831 72331 66213 60471 55110 50130 45525 41299 37438 33940 30796 27993 25532 23397 21588 20087 18896 18010 17417 17125 
13396 13641 14134 14867 15853 17098 18597 20368 22419 24749 27373 30303 33540 37102 40983 45200 49754 54645 59882 65452 71362 77599 84152 91012 98154 105562 113213 121078 129120 137304 145595 153943 162313 170643 178896 187003 194927 202604 209980 217005 223625 229789 235447 240556 245070 248959 252186 254725 256552 257657 258027 257657 256555 254725 252186 248959 245074 240556 235450 229790 223630 217012 209989 202609 194934 187012 178900 170653 162325 153960 145613 137325 129143 121109 113249 105607 98204 91073 84227 77685 71467 65579 60030 54819 49960 45446 41273 37438 33938 30765 27911 25377 23144 21209 19565 18205 17128 16320 15789 15519 
12139 12363 12805 13473 14366 15493 16855 18461 20316 22433 24813 27465 30405 33631 37155 40975 45107 49542 54287 59340 64699 70353 76297 82515 88994 95712 102651 109780 117071 124496 132012 139589 147170 154731 162209 169566 176750 183713 190403 196777 202777 208368 213496 218131 222225 225754 228678 230982 232642 233641 233974 233642 232640 230982 228678 225753 222229 218135 213499 208371 202780 196778 190409 183719 176756 169571 162218 154739 147185 139599 132027 124515 117096 109806 102684 95751 89040 82572 76362 70434 64795 59454 54420 49703 45293 41198 37415 33941 30766 27890 25307 23006 20978 19225 17735 16504 15525 14795 14308 14065 
11007 11208 11612 12217 13029 14053 15287 16747 18431 20351 22510 24920 27582 30516 33707 37178 40925 44950 49260 53847 58708 63839 69233 74877 80757 86857 93153 99623 106242 112980 119804 126676 133563 140422 147211 153889 160411 166730 172804 178585 184035 189107 193765 197972 201688 204888 207545 209635 211139 212051 212352 212051 211142 209633 207549 204888 201690 197971 193769 189110 184037 178588 172807 166733 160417 153896 147220 140432 133574 126689 119820 112999 106265 99650 93184 86894 80801 74929 69293 63916 58795 53950 49383 45100 41100 37381 33948 30793 27913 25306 22957 20869 19033 17442 16089 14971 14083 13422 12980 12762 
9996 10185 10549 11103 11838 12769 13894 15218 16752 18496 20460 22652 25073 27736 30645 33797 37204 40866 44784 48953 53374 58043 62947 68080 73424 78972 84698 90581 96600 102731 108932 115185 121446 127685 133859 139930 145862 151610 157134 162393 167347 171961 176199 180018 183403 186314 188729 190631 192002 192824 193104 192827 191999 190632 188730 186315 183405 180026 176199 171964 167351 162395 157138 151615 145867 139938 133866 127691 121456 115198 108949 102745 96621 90606 84723 79004 73467 68129 63003 58111 53457 49049 44896 41000 37363 33984 30864 27996 25375 23004 20870 18971 17300 15855 14625 13608 12800 12198 11799 11596 
9111 9282 9615 10121 10790 11641 12668 13876 15271 16868 18656 20658 22866 25293 27947 30824 33933 37273 40848 44652 48685 52942 57414 62099 66975 72036 77260 82630 88121 93712 99373 105074 110786 116484 122113 127654 133064 138308 143348 148147 152667 156880 160742 164235 167316 169971 172178 173914 175162 175916 176171 175918 175163 173910 172179 169974 167321 164235 160744 156882 152673 148152 143353 138312 133069 127662 122120 116489 110798 105086 99386 93727 88139 82653 77287 72066 67014 62145 57470 53002 48759 44740 40949 37394 34077 30999 28147 25531 23142 20979 19033 17300 15777 14457 13335 12412 11671 11125 10758 10575 
8343 8499 8808 9269 9888 10660 11607 12711 13991 15451 17097 18929 20955 23182 25609 28248 31100 34160 37433 40922 44619 48521 52625 56917 61388 66026 70815 75739 80770 85897 91086 96316 101552 106769 111936 117017 121974 126785 131405 135802 139948 143809 147354 150549 153378 155816 157833 159424 160571 161262 161494 161264 160571 159426 157836 155815 153384 150553 147355 143809 139952 135806 131409 126788 121980 117020 111945 106777 101563 96327 91098 85911 80790 75759 70840 66058 61423 56957 52674 48580 44691 41003 37531 34275 31232 28408 25797 23400 21209 19225 17440 15857 14456 13246 12220 11368 10697 10192 9855 9691 
7692 7836 8118 8546 9113 9830 10700 11723 12907 14254 15768 17459 19327 21385 23624 26062 28686 31516 34536 37755 41165 44772 48551 52516 56641 60922 65340 69881 74530 79257 84047 88871 93707 98523 103288 107976 112557 116990 121256 125316 129141 132704 135976 138928 141538 143783 145652 147117 148177 148813 149026 148815 148176 147118 145652 143786 141537 138931 135975 132705 129147 125320 121259 116997 112562 107982 103293 98530 93714 88880 84061 79273 74546 69903 65363 60948 56673 52552 48599 44824 41229 37832 34626 31620 28812 26206 23800 21585 19565 17734 16089 14624 13337 12220 11272 10491 9864 9397 9090 8938 
7154 7284 7554 7947 8480 9145 9956 10906 12007 13261 14672 16245 17985 19896 21986 24248 26701 29325 32141 35136 38310 41663 45190 48874 52715 56699 60815 65041 69366 73772 78226 82718 87219 91704 96139 100502 104763 108896 112865 116644 120208 123523 126567 129317 131746 133837 135579 136940 137926 138523 138719 138519 137926 136940 135576 133841 131749 129319 126571 123526 120211 116650 112867 108901 104770 100509 96147 91709 87230 82730 78240 73781 69383 65060 60836 56725 52747 48912 45231 41716 38373 35210 32224 29427 26814 24387 22147 20090 18209 16504 14971 13610 12407 11371 10487 9759 9178 8745 8460 8318 
6725 6850 7098 7473 7973 8599 9361 10258 11291 12471 13801 15282 16917 18719 20680 22814 25114 27592 30236 33056 36044 39198 42512 45981 49595 53343 57216 61197 65264 69406 73603 77830 82066 86280 90458 94567 98574 102463 106197 109755 113104 116227 119092 121676 123966 125933 127569 128856 129781 130339 130527 130338 129779 128855 127571 125934 123970 121679 119096 116227 113110 109756 106201 102468 98578 94568 90461 86290 82071 77839 73617 69421 65282 61213 57235 53372 49627 46015 42553 39245 36101 33125 30316 27682 25227 22944 20834 18898 17126 15526 14086 12799 11674 10694 9866 9177 8633 8225 7957 7822 
6404 6526 6764 7117 7594 8193 8918 9771 10761 11882 13150 14559 16124 17835 19709 21739 23935 26295 28816 31502 34349 37355 40517 43826 47269 50841 54534 58327 62202 66155 70150 74181 78216 82238 86219 90133 93960 97662 101221 104612 107809 110782 113513 115982 118162 120036 121597 122819 123705 124239 124417 124238 123706 122821 121594 120039 118160 115982 113516 110785 107816 104614 101226 97666 93963 90138 86229 82244 78227 74190 70163 66164 62218 58342 54554 50867 47298 43857 40557 37406 34408 31570 28896 26384 24040 21866 19855 18007 16320 14792 13421 12197 11125 10190 9400 8746 8225 7841 7582 7452 
6193 6307 6539 6886 7342 7923 8627 9453 10405 11493 12719 14083 15593 17251 19059 21030 23153 25432 27871 30470 33228 36134 39191 42391 45725 49184 52749 56417 60173 63990 67861 71759 75665 79552 83403 87191 90889 94474 97919 101199 104293 107169 109812 112194 114305 116123 117627 118814 119668 120183 120355 120184 119669 118815 117629 116122 114308 112197 109814 107170 104292 101204 97921 94477 90897 87197 83408 79559 75673 71768 67872 64005 60185 56435 52772 49204 45754 42423 39228 36184 33280 30533 27947 25521 23255 21152 19204 17417 15786 14310 12982 11798 10756 9856 9091 8459 7958 7580 7333 7207 
6086 6203 6427 6765 7218 7788 8480 9288 10228 11298 12503 13844 15331 16958 18742 20670 22760 25001 27403 29957 32666 35526 38531 41678 44953 48351 51862 55468 59157 62913 66719 70551 74389 78215 81999 85722 89360 92883 96273 99496 102535 105363 107962 110309 112384 114167 115650 116816 117653 118162 118333 118161 117658 116814 115649 114169 112386 110309 107965 105368 102541 99498 96274 92890 89365 85727 82006 78220 74400 70559 66729 62928 59172 55484 51881 48375 44981 41707 38568 35571 32720 30018 27478 25089 22862 20793 18880 17123 15521 14067 12760 11598 10577 9690 8940 8315 7821 7456 7207 7085 
