Parameters: 101 101 0.7
100 197 298 406 515 632 756 890 1031 1184 1349 1529 1720 1923 2147 2383 2636 2907 3197 3501 3823 4163 4518 4890 5275 5676 6089 6513 6950 7390 7835 8289 8741 9187 9634 10070 10499 10910 11308 11689 12045 12374 12681 12956 13199 13409 13581 13718 13816 13877 13898 13876 13818 13719 13584 13409 13200 12956 12680 12375 12043 11688 11310 10912 10498 10069 9630 9188 8739 8288 7839 7392 6948 6515 6091 5679 5277 4888 4517 4161 3823 3498 3198 2908 2637 2383 2145 1923 1718 1526 1349 1184 1031 889 758 632 515 406 299 199 99 
199 398 604 817 1038 1273 1520 1791 2074 2384 2718 3075 3460 3876 4319 4798 5306 5852 6431 7046 7694 8378 9096 9845 10620 11425 12256 13112 13986 14874 15773 16680 17589 18493 19388 20266 21125 21959 22758 23522 24239 24905 25519 26076 26565 26988 27337 27610 27810 27931 27970 27929 27810 27610 27336 26987 26565 26075 25521 24909 24240 23520 22761 21959 21127 20271 19386 18491 17588 16682 15775 14874 13985 13112 12258 11427 10620 9840 9091 8379 7695 7045 6430 5852 5310 4797 4318 3873 3459 3074 2716 2383 2077 1790 1521 1272 1037 815 605 396 199 
302 602 912 1237 1572 1930 2310 2714 3148 3615 4118 4660 5243 5874 6547 7270 8046 8871 9748 10680 11665 12697 13781 14916 16097 17318 18577 19872 21200 22545 23908 25283 26656 28028 29384 30717 32019 33280 34493 35650 36737 37749 38682 39521 40263 40903 41434 41847 42149 42329 42391 42334 42149 41851 41431 40903 40263 39520 38679 37750 36738 35649 34496 33282 32019 30721 29384 28026 26656 25280 23907 22544 21200 19875 18581 17317 16095 14916 13784 12696 11660 10679 9749 8872 8044 7269 6546 5873 5242 4661 4119 3616 3148 2714 2308 1931 1573 1235 913 603 300 
406 816 1236 1673 2128 2610 3121 3672 4261 4890 5570 6303 7091 7942 8855 9836 10884 12001 13186 14445 15775 17175 18640 20174 21770 23426 25127 26878 28672 30495 32339 34197 36055 37908 39745 41548 43308 45015 46657 48220 49689 51060 52319 53453 54458 55322 56040 56604 57008 57256 57340 57256 57010 56604 56039 55323 54459 53455 52317 51059 49693 48218 46657 45017 43309 41549 39744 37908 36058 34199 32340 30493 28672 26880 25128 23423 21771 20175 18644 17173 15773 14444 13186 11997 10881 9833 8854 7943 7094 6302 5570 4889 4256 3672 3124 2612 2127 1671 1238 816 403 
516 1039 1575 2128 2709 3325 3976 4672 5419 6224 7091 8024 9027 10109 11271 12520 13851 15273 16784 18388 20077 21860 23730 25679 27711 29815 31985 34216 36495 38813 41162 43526 45895 48253 50588 52885 55129 57298 59387 61375 63245 64990 66592 68037 69314 70416 71327 72048 72563 72876 72983 72876 72564 72047 71327 70415 69315 68036 66590 64991 63246 61374 59387 57299 55126 52883 50590 48250 45895 43524 41164 38813 36496 34215 31983 29816 27710 25681 23729 21862 20080 18386 16784 15272 13851 12518 11272 10111 9026 8023 7089 6222 5420 4677 3976 3321 2710 2127 1573 1037 515 
632 1274 1930 2610 3323 4075 4876 5729 6651 7633 8694 9839 11072 12397 13823 15351 16985 18728 20580 22548 24621 26809 29099 31491 33981 36560 39223 41955 44753 47595 50473 53374 56279 59170 62033 64847 67596 70262 72821 75257 77553 79692 81656 83423 84994 86346 87464 88345 88978 89362 89490 89364 88980 88345 87463 86343 84995 83428 81657 79692 77554 75258 72821 70260 67597 64847 62032 59169 56279 53374 50474 47593 44749 41957 39224 36566 33981 31493 29099 26807 24624 22546 20585 18730 16989 15352 13821 12397 11070 9844 8694 7633 6645 5731 4877 4074 3325 2611 1929 1272 632 
758 1525 2310 3122 3974 4873 5832 6854 7951 9131 10401 11766 13243 14831 16534 18364 20320 22401 24618 26972 29453 32064 34806 37669 40646 43733 46915 50183 53524 56927 60370 63838 67309 70769 74193 77563 80847 84034 87095 90011 92759 95315 97664 99783 101655 103271 104610 105661 106420 106877 107031 106878 106419 105660 104610 103271 101656 99784 97662 95314 92758 90011 87095 84035 80848 77562 74192 70773 67312 63837 60369 56928 53525 50184 46914 43731 40645 37668 34804 32065 29452 26971 24621 22403 20318 18364 16539 14832 13243 11770 10400 9130 7952 6854 5832 4874 3976 3121 2308 1525 757 
888 1790 2714 3671 4670 5729 6855 8055 9345 10731 12223 13833 15563 17430 19433 21581 23876 26331 28933 31695 34612 37684 40906 44268 47765 51393 55135 58974 62901 66900 70943 75015 79098 83162 87186 91144 95004 98748 102347 105770 109002 112005 114764 117254 119458 121352 122924 124162 125054 125593 125772 125589 125052 124161 122925 121353 119455 117252 114764 112004 108999 105772 102348 98751 95006 91145 87188 83163 79098 75016 70941 66894 62900 58972 55130 51389 47765 44266 40901 37683 34614 31695 28934 26328 23876 21581 19433 17429 15565 13833 12225 10730 9345 8056 6855 5730 4673 3671 2714 1791 888 
1033 2079 3148 4258 5419 6648 7954 9346 10841 12445 14178 16044 18054 20216 22541 25033 27696 30536 33562 36760 40146 43708 47442 51342 55402 59609 63946 68400 72958 77592 82284 87006 91739 96453 101121 105709 110189 114529 118701 122673 126419 129902 133103 135990 138542 140740 142566 144003 145037 145661 145869 145659 145037 144003 142569 140741 138543 135989 133101 129902 126417 122676 118703 114528 110190 105708 101119 96453 91741 87007 82284 77590 72954 68399 63948 59606 55401 51344 47441 43709 40147 36763 33561 30541 27697 25033 22543 20216 18053 16045 14180 12447 10841 9344 7954 6646 5419 4258 3147 2076 1032 
1184 2383 3614 4888 6222 7633 9130 10730 12446 14295 16287 18425 20731 23216 25883 28746 31804 35065 38533 42212 46098 50187 54475 58954 63614 68440 73422 78537 83765 89088 94475 99900 105333 110744 116102 121369 126515 131497 136285 140845 145143 149144 152817 156136 159064 161587 163684 165331 166522 167233 167476 167232 166517 165330 163685 161589 159068 156135 152820 149146 145144 140846 136287 131501 126513 121369 116104 110746 105334 99900 94472 89086 83765 78535 73421 68442 63611 58952 54474 50187 46098 42214 38535 35066 31804 28745 25883 23215 20733 18426 16281 14294 12448 10731 9131 7631 6224 4888 3614 2385 1185 
1349 2717 4118 5568 7090 8694 10399 12222 14179 16283 18548 20987 23617 26445 29484 32743 36228 39941 43895 48084 52507 57162 62046 67147 72456 77955 83623 89450 95406 101468 107604 113782 119969 126134 132233 138230 144088 149766 155222 160416 165306 169862 174048 177823 181160 184034 186420 188295 189649 190464 190737 190463 189649 188296 186419 184035 181159 177822 174047 169868 165308 160412 155220 149768 144089 138233 132235 126133 119972 113781 107601 101466 95407 89451 83625 77953 72453 67147 62046 57164 52507 48082 43897 39940 36229 32745 29484 26444 23615 20988 18549 16284 14180 12224 10401 8696 7090 5570 4120 2718 1349 
1530 3075 4659 6301 8026 9838 11771 13832 16042 18423 20990 23750 26724 29925 33362 37049 40990 45196 49666 54406 59414 64677 70206 75975 81978 88203 94618 101210 107947 114804 121746 128734 135738 142709 149611 156397 163023 169445 175615 181491 187027 192183 196914 201188 204961 208215 210913 213035 214566 215487 215795 215489 214564 213035 210912 208212 204963 201188 196914 192183 187029 181493 175614 169443 163025 156398 149610 142708 135737 128734 121745 114805 107949 101211 94619 88200 81978 75976 70204 64680 59412 54405 49668 45196 40993 37049 33363 29928 26725 23749 20987 18423 16043 13831 11770 9839 8024 6303 4659 3074 1528 
1720 3459 5242 7090 9028 11071 13245 15566 18056 20731 23615 26725 30071 33671 37538 41688 46123 50857 55883 61214 66848 72776 78991 85485 92239 99238 106458 113873 121451 129165 136975 144839 152716 160561 168325 175961 183414 190639 197582 204190 210420 216215 221539 226345 230596 234252 237286 239675 241394 242434 242781 242434 241395 239675 237287 234248 230592 226347 221537 216215 210416 204190 197580 190636 183415 175958 168324 160560 152715 144839 136976 129167 121455 113874 106458 99239 92241 85485 78989 72776 66852 61217 55882 50853 46122 41688 37541 33672 30071 26724 23616 20733 18055 15565 13244 11071 9027 7094 5243 3456 1720 
1925 3875 5873 7942 10110 12398 14832 17431 20220 23217 26446 29922 33671 37705 42035 46678 51643 56941 62574 68544 74850 81487 88445 95714 103278 111112 119196 127497 135982 144618 153361 162163 170982 179762 188456 197002 205346 213435 221205 228606 235579 242072 248028 253409 258163 262259 265655 268329 270253 271417 271806 271418 270254 268333 265658 262257 258162 253408 248026 242067 235577 228607 221208 213434 205347 197001 188454 179763 170982 162163 153360 144617 135981 127498 119197 111112 103276 95712 88444 81484 74848 68541 62571 56943 51643 46678 42034 37704 33674 29926 26445 23214 20217 17429 14832 12398 10110 7942 5872 3875 1925 
2148 4319 6549 8858 11273 13826 16534 19431 22541 25883 29482 33360 37542 42036 46866 52041 57578 63481 69758 76413 83443 90840 98598 106701 115131 123867 132875 142129 151589 161213 170960 180770 190601 200390 210078 219603 228904 237919 246580 254832 262599 269836 276476 282476 287776 292338 296126 299106 301252 302546 302980 302549 301252 299106 296124 292338 287776 282473 276479 269837 262599 254828 246580 237919 228904 219604 210077 200388 190600 180772 170959 161216 151589 142127 132874 123866 115132 106705 98598 90841 83442 76413 69757 63482 57577 52044 46865 42037 37540 33365 29486 25882 22542 19433 16535 13825 11272 8854 6547 4319 2146 
2382 4798 7273 9836 12519 15351 18362 21580 25032 28744 32740 37047 41685 46682 52041 57790 63936 70492 77463 84852 92656 100869 109482 118480 127839 137535 147538 157813 168318 179004 189822 200716 211630 222497 233251 243825 254155 264166 273780 282937 291563 299594 306969 313627 319511 324579 328784 332090 334475 335915 336393 335917 334475 332092 328782 324578 319512 313628 306971 299595 291562 282937 273780 264162 254153 243828 233250 222494 211631 200716 189820 179005 168318 157814 147541 137537 127838 118479 109483 100870 92658 84852 77461 70490 63933 57791 52040 46678 41687 37048 32741 28742 25032 21583 18364 15353 12519 9834 7271 4796 2385 
2636 5307 8046 10881 13851 16985 20321 23878 27698 31802 36226 40993 46122 51645 57577 63938 70735 77987 85700 93875 102510 111592 121122 131076 141426 152154 163220 174585 186205 198025 209992 222044 234114 246135 258031 269730 281155 292222 302861 312992 322531 331416 339572 346936 353446 359051 363702 367360 369998 371588 372121 371589 369996 367362 363702 359050 353446 346936 339574 331418 322533 312990 302859 292226 281153 269729 258032 246134 234113 222043 209991 198027 186205 174586 163223 152156 141428 131075 121121 111593 102505 93873 85702 77990 70735 63937 57578 51647 46124 40992 36226 31805 27695 23878 20319 16986 13851 10882 8044 5306 2640 
2906 5855 8872 11997 15272 18726 22401 26328 30539 35065 39946 45197 50853 56942 63483 70494 77990 85983 94484 103499 113018 123031 133533 144506 155920 167744 179944 192473 205277 218309 231500 244784 258089 271341 284455 297355 309943 322146 333873 345036 355554 365351 374339 382455 389632 395809 400936 404971 407874 409629 410215 409629 407874 404970 400936 395808 389630 382455 374341 365350 355556 345036 333871 322144 309943 297352 284454 271341 258092 244783 231499 218310 205279 192471 179943 167744 155920 144507 133535 123032 113013 103497 94490 85985 77989 70493 63481 56941 50854 45196 39946 35067 30537 26326 22401 18727 15276 11999 8871 5852 2908 
3195 6430 9749 13186 16786 20582 24621 28934 33562 38534 43894 49667 55885 62574 69759 77465 85700 94486 103828 113730 124183 135194 146733 158787 171328 184320 197722 211487 225560 239873 254364 268963 283580 298140 312551 326717 340552 353958 366841 379106 390663 401421 411301 420219 428101 434887 440520 444951 448143 450071 450713 450070 448144 444950 440519 434888 428101 420215 411299 401422 390663 379104 366840 353957 340552 326718 312549 298144 283584 268965 254367 239874 225558 211487 197723 184320 171326 158787 146733 135189 124188 113728 103825 94485 85700 77461 69758 62573 55884 49668 43897 38533 33560 28933 24621 20582 16784 13185 9747 6429 3195 
3499 7046 10679 14443 18386 22547 26970 31695 36763 42216 48081 54407 61214 68540 76411 84854 93872 103495 113727 124571 136026 148080 160719 173922 187655 201884 216564 231643 247053 262731 278602 294587 310597 326539 342321 357836 372989 387668 401777 415210 427867 439647 450466 460232 468865 476297 482466 487320 490816 492925 493631 492926 490816 487320 482466 476299 468866 460233 450468 439650 427866 415212 401779 387669 372988 357836 342320 326540 310597 294588 278600 262728 247050 231639 216565 201887 187659 173921 160720 148079 136023 124571 113728 103498 93877 84852 76412 68544 61218 54404 48081 42216 36763 31693 26968 22547 18386 14445 10678 7045 3500 
3822 7693 11664 15773 20078 24626 29455 34614 40145 46098 52506 59412 66846 74850 83444 92654 102506 113013 124185 136026 148530 161690 175494 189910 204903 220439 236465 252926 269753 286870 304200 321649 339127 356536 373763 390704 407245 423275 438678 453343 467160 480022 491833 502493 511918 520034 526767 532067 535882 538186 538958 538187 535883 532066 526766 520032 511921 502494 491832 480022 467158 453342 438676 423273 407244 390703 373761 356535 339129 321649 304197 286868 269752 252925 236464 220439 204904 189909 175493 161695 148531 136026 124185 113014 102506 92654 83444 74849 66847 59410 52508 46099 40145 34612 29451 24623 20080 15776 11664 7695 3825 
4164 8377 12695 17174 21860 26808 32064 37683 43705 50184 57164 64681 72776 81489 90841 100868 111595 123031 135191 148078 161693 176017 191042 206732 223054 239966 257411 275325 293639 312273 331137 350131 369154 388103 406854 425294 443294 460743 477507 493469 508509 522509 535362 546966 557228 566060 573389 579153 583308 585814 586653 585814 583308 579153 573388 566057 557227 546967 535364 522510 508508 493470 477508 460743 443298 425293 406852 388104 369157 350129 331136 312276 293640 275327 257414 239965 223053 206732 191045 176017 161689 148081 135192 123032 111594 100868 90841 81485 72775 64679 57163 50186 43707 37681 32065 26808 21863 17173 12698 8378 4163 
4518 9093 13781 18642 23731 29098 34804 40901 47439 54473 62046 70206 78991 88448 98598 109483 121122 133534 146731 160720 175491 191041 207344 224372 242085 260437 279370 298815 318686 338909 359378 379994 400639 421197 441547 461557 481093 500027 518218 535540 551860 567053 581002 593596 604728 614312 622265 628523 633031 635753 636662 635752 633031 628523 622264 614312 604730 593595 581003 567053 551860 535542 518222 500026 481094 461557 441546 421198 400638 379990 359377 338908 318689 298813 279370 260442 242087 224371 207346 191042 175493 160717 146730 133534 121122 109484 98600 88447 78991 70205 62047 54474 47439 40905 34804 29097 23730 18643 13783 9093 4518 
4890 9841 14915 20175 25682 31493 37665 44268 51344 58953 67148 75978 85485 95714 106703 118480 131075 144506 158786 173923 189909 206732 224372 242801 261964 281823 302309 323342 344847 366729 388876 411180 433518 455763 477782 499435 520572 541057 560739 579480 597136 613577 628668 642294 654337 664709 673315 680083 684960 687903 688887 687906 684960 680083 673315 664708 654340 642292 628667 613577 597137 579481 560739 541055 520570 499431 477782 455764 433523 411179 388876 366729 344849 323347 302308 281823 261963 242799 224374 206731 189910 173923 158787 144506 131073 118479 106701 95711 85487 75981 67148 58952 51341 44266 37668 31491 25680 20176 14916 9840 4891 
5276 10619 16095 21769 27714 33984 40646 47765 55402 63613 72455 81981 92239 103275 115134 127839 141429 155919 171329 187657 204903 223053 242089 261968 282644 304068 326168 348864 372065 395667 419563 443622 467724 491722 515476 538833 561636 583736 604971 625190 644237 661970 678250 692951 705944 717130 726412 733716 738976 742156 743215 742154 738977 733717 726414 717130 705943 692950 678251 661972 644237 625187 604969 583736 561638 538832 515475 491722 467724 443624 419561 395665 372062 348863 326167 304068 282646 261966 242087 223056 204904 187658 171328 155920 141429 127838 115132 103274 92240 81980 72457 63613 55399 47763 40645 33982 27709 21772 16096 10620 5276 
5676 11425 17318 23423 29815 36561 43732 51393 59606 68441 77954 88201 99240 111112 123866 137536 152156 167746 184318 201884 220439 239967 260439 281824 304067 327113 350887 375301 400255 425647 451349 477231 503159 528974 554525 579645 604177 627947 650789 672538 693029 712106 729617 745424 759399 771434 781420 789277 794935 798353 799492 798352 794934 789276 781420 771433 759402 745423 729615 712105 693027 672539 650791 627948 604178 579648 554524 528974 503157 477233 451349 425647 400258 375300 350887 327114 304069 281825 260439 239965 220441 201886 184321 167744 152157 137539 123867 111111 99239 88204 77952 68440 59604 51391 43732 36560 29814 23423 17318 11424 5677 
6092 12259 18579 25133 31985 39223 46915 55131 63945 73421 83626 94620 106458 119195 132875 147539 163220 179943 197722 216564 236466 257411 279372 302309 326169 350886 376383 402572 429338 456573 484137 511903 539708 567397 594801 621747 648057 673551 698051 721379 743354 763814 782596 799551 814545 827450 838160 846585 852654 856321 857541 856318 852656 846582 838158 827450 814542 799550 782595 763812 743354 721379 698051 673553 648057 621745 594798 567396 539708 511903 484142 456575 429341 402572 376388 350889 326168 302309 279371 257411 236469 216564 197723 179945 163220 147538 132874 119193 106458 94618 83626 73422 63944 55133 46915 39224 31985 25131 18577 12257 6090 
6515 13111 19871 26879 34214 41958 50185 58973 68398 78534 89449 101208 113874 127496 142129 157816 174586 192473 211486 231640 252924 275325 298813 323345 348865 375301 402570 430576 459204 488331 517815 547505 577244 606856 636164 664981 693119 720385 746584 771532 795034 816914 837001 855135 871169 884972 896425 905434 911925 915844 917153 915846 911926 905435 896423 884968 871169 855134 837003 816915 795035 771532 746585 720385 693119 664982 636162 606856 577244 547505 517814 488331 459205 430578 402574 375299 348862 323343 298815 275326 252926 231641 211486 192472 174585 157812 142129 127495 113875 101212 89453 78536 68401 58974 50184 41957 34213 26879 19873 13113 6514 
6949 13985 21197 28670 36494 44750 53527 62901 72957 83765 95408 107949 121454 135985 151587 168318 186204 205279 225557 247050 269752 293639 318687 344850 372064 400256 429338 459204 489735 520795 552238 583898 615612 647191 678443 709175 739180 768257 796197 822796 847861 871196 892615 911953 929050 943767 955983 965591 972512 976689 978088 976691 972515 965590 955980 943766 929049 911952 892618 871195 847862 822802 796199 768258 739180 709175 678445 647189 615612 583899 552237 520795 489736 459204 429338 400256 372064 344847 318686 293640 269750 247053 225557 205280 186203 168317 151588 135981 121453 107947 95409 83767 72956 62903 53526 44753 36494 28673 21196 13986 6949 
7390 14875 22545 30493 38813 47595 56929 66899 77592 89088 101468 114804 129165 144619 161214 179003 198023 218308 239874 262730 286869 312274 338908 366729 395668 425649 456572 488329 520792 553822 587256 620925 654643 688226 721458 754134 786040 816960 846669 874955 901604 926416 949191 969757 987933 1003583 1016572 1026786 1034146 1038589 1040074 1038590 1034148 1026788 1016568 1003582 987932 969754 949191 926416 901606 874953 846670 816961 786044 754137 721460 688222 654644 620926 587257 553821 520795 488330 456570 425647 395665 366728 338906 312274 286869 262729 239874 218307 198024 179002 161215 144620 129167 114803 101469 89087 77591 66895 56926 47593 38815 30492 22545 14873 7390 
7837 15771 23908 32337 41163 50474 60371 70944 82283 94476 107602 121744 136974 153360 170959 189825 209991 231500 254369 278603 304199 331136 359378 388876 419561 451350 484139 517815 552239 587255 622706 658407 694162 729762 765001 799648 833478 866258 897760 927752 956010 982313 1006461 1028263 1047537 1064130 1077901 1088735 1096540 1101249 1102825 1101247 1096541 1088734 1077900 1064134 1047541 1028263 1006464 982313 956006 927750 897760 866260 833479 799646 764999 729761 694158 658407 622706 587256 552237 517817 484139 451353 419562 388874 359377 331133 304198 278602 254369 231499 209993 189823 170958 153361 136975 121745 107602 94475 82284 70943 60369 50473 41159 32337 23910 15774 7840 
8286 16679 25283 34195 43527 53372 63839 75018 87007 99899 113782 128736 144839 162164 180771 200718 222042 244786 268961 294587 321648 350128 379994 411178 443623 477235 511904 547505 583899 620925 658406 696147 733949 771590 808847 845481 881248 915904 949206 980915 1010789 1038599 1064134 1087182 1107558 1125102 1139662 1151115 1159368 1164343 1166009 1164344 1159366 1151116 1139663 1125105 1107559 1087182 1064132 1038600 1010788 980917 949211 915905 881246 845478 808846 771590 733951 696148 658404 620927 583899 547506 511903 477234 443625 411181 379993 350129 321649 294589 268963 244783 222043 200715 180771 162164 144840 128735 113781 99900 87008 75018 63838 53373 43526 34195 25281 16681 8287 
8738 17588 26658 36056 45894 56279 67312 79100 91739 105333 119969 135736 152716 170980 190599 211626 234112 258091 283581 310597 339131 369156 400640 433516 467724 503158 539709 577244 615612 654644 694158 733949 773804 813484 852760 891378 929088 965623 1000733 1034161 1065655 1094976 1121891 1146190 1167674 1186168 1201514 1213588 1222287 1227537 1229292 1227538 1222289 1213589 1201515 1186165 1167672 1146189 1121890 1094974 1065655 1034161 1000735 965623 929086 891377 852761 813487 773802 733948 694161 654645 615610 577243 539707 503160 467724 433519 400641 369155 339127 310599 283580 258090 234113 211629 190600 170981 152716 135738 119971 105334 91740 79099 67310 56277 45894 36056 26657 17589 8738 
9186 18491 28027 37910 48254 59169 70769 83162 96455 110742 126133 142709 160560 179764 200388 222496 246134 271341 298140 326540 356535 388102 421198 455766 491724 528972 567395 606851 647190 688224 729763 771592 813484 855200 896487 937086 976724 1015134 1052042 1087181 1120287 1151110 1179407 1204947 1227530 1246972 1263108 1275801 1284942 1290460 1292304 1290461 1284941 1275797 1263105 1246970 1227529 1204947 1179404 1151111 1120290 1087183 1052044 1015133 976724 937086 896489 855201 813484 771591 729762 688225 647191 606856 567396 528976 491724 455765 421198 388101 356537 326540 298140 271342 246134 222494 200386 179761 160559 142709 126134 110745 96453 83164 70774 59170 48254 37910 28028 18493 9188 
9637 19386 29383 39742 50588 62033 74195 87185 101121 116102 132231 149611 168326 188455 210075 233252 258032 284455 312549 342321 373765 406854 441546 477782 515475 554525 594801 636163 678446 721458 764999 808848 852762 896490 939768 982323 1023871 1064134 1102824 1139658 1174361 1206669 1236325 1263098 1286773 1307147 1324061 1337363 1346953 1352736 1354669 1352734 1346949 1337368 1324063 1307148 1286774 1263100 1236324 1206667 1174360 1139655 1102823 1064136 1023873 982323 939769 896488 852762 808847 764999 721458 678443 636162 594799 554522 515474 477782 441548 406857 373766 342323 312549 284457 258031 233249 210077 188452 168324 149612 132236 116102 101120 87187 74194 62033 50588 39744 29385 19386 9631 
10071 20266 30717 41548 52882 64847 77559 91141 105711 121371 138233 156398 175958 197000 219603 243829 269733 297352 326716 357837 390703 425291 461557 499431 538831 579647 621748 664981 709178 754137 799647 845478 891379 937086 982322 1026802 1070233 1112316 1152753 1191252 1227523 1261292 1292293 1320277 1345023 1366319 1383996 1397901 1407921 1413966 1415988 1413967 1407918 1397904 1383994 1366319 1345024 1320280 1292294 1261293 1227525 1191253 1152753 1112317 1070232 1026804 982323 937086 891380 845478 799647 754134 709175 664981 621749 579646 538829 499432 461557 425293 390705 357838 326715 297351 269730 243828 219605 197003 175957 156396 138231 121369 105709 91144 77561 64848 52886 41549 30718 20269 10071 
10495 21126 32019 43309 55128 67595 80849 95005 110190 126513 144088 163024 183411 205345 228904 254154 281154 309943 340553 372989 407243 443293 481095 520573 561636 604176 648055 693117 739185 786041 833477 881246 929087 976726 1023872 1070233 1115497 1159356 1201504 1241633 1279433 1314629 1346940 1376106 1401897 1424093 1442517 1457009 1467451 1473754 1475857 1473751 1467450 1457009 1442517 1424093 1401895 1376107 1346938 1314632 1279433 1241631 1201503 1159357 1115498 1070235 1023872 976724 929084 881244 833478 786042 739181 693121 648057 604176 561636 520572 481095 443297 407245 372987 340552 309943 281154 254154 228903 205349 183415 163023 144089 126514 110189 95008 80851 67596 55125 43311 32020 21127 10496 
10911 21958 33281 45015 57299 70260 84032 98750 114530 131498 149764 169447 190639 213436 237918 264163 292223 322147 353957 387671 423272 460743 500025 541058 583735 627946 673554 720385 768259 816959 866259 915905 965624 1015135 1064133 1112313 1159358 1204939 1248741 1290441 1329733 1366310 1399889 1430203 1457002 1480072 1499217 1514283 1525133 1531683 1533872 1531682 1525133 1514285 1499218 1480073 1457003 1430203 1399890 1366315 1329736 1290444 1248743 1204937 1159356 1112315 1064133 1015137 965626 915903 866260 816957 768258 720386 673552 627946 583734 541056 500028 460742 423275 387669 353961 322145 292223 264164 237920 213435 190638 169445 149765 131498 114529 98748 84034 70261 57298 45017 33282 21959 10910 
11307 22760 34496 46655 59386 72823 87097 102346 118704 136287 155220 175615 197581 221209 246585 273781 302863 333874 366839 401781 438675 477509 518220 560739 604971 650789 698053 746585 796199 846668 897757 949209 1000732 1052042 1102822 1152751 1201506 1248742 1294134 1337352 1378068 1415973 1450771 1482185 1509957 1533865 1553708 1569319 1580564 1587349 1589616 1587348 1580560 1569316 1553707 1533865 1509959 1482183 1450770 1415973 1378068 1337353 1294135 1248741 1201503 1152756 1102822 1052040 1000736 949209 897757 846670 796198 746586 698054 650790 604970 560737 518219 477508 438676 401779 366841 333871 302861 273780 246585 221206 197579 175617 155219 136286 118703 102347 87097 72820 59388 46658 34497 22760 11312 
11687 23520 35650 48220 61375 75258 90013 105770 122674 140848 160413 181492 204190 228606 254831 282937 312990 345037 379108 415218 453340 493469 535541 579481 625187 672538 721377 771533 822801 874956 927752 980916 1034163 1087182 1139658 1191252 1241632 1290447 1337349 1382010 1424083 1463253 1499212 1531674 1560373 1585080 1605582 1621713 1633334 1640344 1642689 1640347 1633334 1621711 1605582 1585078 1560375 1531674 1499212 1463254 1424083 1382008 1337352 1290443 1241628 1191251 1139655 1087182 1034160 980916 927749 874954 822800 771531 721378 672536 625187 579482 535542 493471 453341 415211 379107 345036 312992 282937 254829 228605 204189 181491 160415 140846 122676 105772 90010 75257 61374 48218 35652 23522 11689 
12044 24237 36739 49690 63247 77553 92758 108999 126418 145144 165308 187029 210417 235577 262600 291563 322534 355557 390663 427866 467159 508507 551861 597136 644238 693029 743353 795035 847864 901607 956006 1010788 1065658 1120290 1174358 1227524 1279434 1329736 1378067 1424084 1467438 1507797 1544852 1578298 1607874 1633329 1654455 1671076 1683051 1690278 1692691 1690276 1683052 1671077 1654456 1633329 1607873 1578299 1544851 1507800 1467437 1424083 1378067 1329734 1279434 1227522 1174359 1120288 1065655 1010792 956006 901605 847862 795034 743354 693028 644238 597135 551861 508507 467157 427867 390663 355555 322535 291564 262601 235580 210419 187032 165307 145145 126417 108998 92761 77556 63249 49691 36737 24238 12043 
12375 24907 37751 51061 64989 79694 95315 112005 129902 149148 169865 192181 216216 242067 269835 299596 331416 365347 401422 439650 480021 522509 567055 613578 661970 712103 763813 816916 871196 926416 982314 1038604 1094975 1151111 1206666 1261293 1314631 1366311 1415972 1463252 1507797 1549267 1587343 1621707 1652093 1678248 1699955 1717032 1729336 1736763 1739242 1736760 1729333 1717031 1699952 1678248 1652093 1621707 1587340 1549268 1507798 1463252 1415972 1366311 1314629 1261293 1206666 1151112 1094975 1038602 982315 926415 871195 816915 763812 712106 661972 613577 567055 522509 480022 439650 401421 365348 331416 299595 269836 242070 216214 192182 169864 149145 129901 112003 95315 79693 64993 51059 37752 24908 12375 
12681 25521 38680 52320 66594 81656 97664 114763 133102 152818 174044 196913 221537 248025 276479 306972 339573 374339 411299 450467 491834 535361 581003 628672 678250 729614 782595 837004 892619 949192 1006463 1064134 1121892 1179405 1236325 1292295 1346940 1399891 1450771 1499211 1544849 1587339 1626346 1661554 1692686 1719485 1741727 1759222 1771828 1779434 1781976 1779433 1771827 1759225 1741722 1719485 1692688 1661558 1626345 1587337 1544853 1499210 1450771 1399889 1346939 1292293 1236327 1179406 1121889 1064132 1006464 949190 892614 837002 782595 729615 678251 628669 581004 535362 491831 450468 411297 374338 339572 306970 276476 248029 221538 196913 174047 152817 133103 114762 97662 81655 66591 52319 38682 25522 12682 
12957 26075 39521 53455 68037 83428 99783 117253 135991 156135 177822 201186 226346 253406 282474 313627 346938 382456 420215 460229 502494 546966 593595 642293 692948 745427 799552 855135 911953 969756 1028263 1087181 1146190 1204948 1263100 1320278 1376108 1430202 1482183 1531672 1578299 1621705 1661554 1697527 1729332 1756711 1779432 1797308 1810183 1817953 1820551 1817954 1810184 1797307 1779430 1756708 1729333 1697528 1661555 1621707 1578300 1531674 1482185 1430202 1376106 1320279 1263099 1204948 1146190 1087184 1028262 969753 911951 855135 799551 745429 692948 642293 593594 546967 502492 460232 420216 382455 346937 313626 282473 253409 226345 201185 177823 156132 135991 117253 99781 83429 68035 53454 39521 26075 12957 
13199 26565 40263 54459 69316 84996 101656 119456 138543 159066 181161 204962 230594 258163 287774 319513 353447 389631 428101 468866 511919 557227 604728 654340 705943 759405 814546 871168 929049 987935 1047540 1107558 1167674 1227532 1286774 1345024 1401895 1457004 1509958 1560375 1607875 1652092 1692688 1729334 1761734 1789624 1812769 1830978 1844096 1852013 1854659 1852012 1844097 1830980 1812769 1789621 1761732 1729333 1692687 1652094 1607872 1560372 1509957 1457002 1401894 1345022 1286772 1227532 1167672 1107560 1047539 987933 929051 871167 814543 759402 705942 654336 604727 557228 511919 468865 428098 389630 353448 319514 287775 258162 230593 204964 181162 159065 138542 119456 101656 84997 69317 54459 40264 26564 13199 
13410 26988 40901 55320 70416 86343 103266 121350 140740 161589 184035 208215 234249 262258 292340 324579 359052 395809 434887 476298 520035 566057 614314 664705 717129 771435 827450 884967 943765 1003582 1064132 1125102 1186166 1246971 1307149 1366322 1424095 1480073 1533868 1585078 1633327 1678248 1719486 1756708 1789622 1817952 1841466 1859962 1873288 1881333 1884018 1881329 1873291 1859963 1841464 1817952 1789623 1756709 1719483 1678247 1633328 1585078 1533866 1480074 1424094 1366321 1307150 1246972 1186166 1125102 1064133 1003585 943768 884969 827449 771435 717130 664708 614313 566058 520031 476297 434889 395811 359052 324579 292340 262257 234252 208216 184036 161591 140741 121350 103269 86343 70416 55325 40900 26986 13407 
13582 27336 41430 56040 71330 87464 104610 122925 142567 163682 186418 210912 237286 265658 296125 328782 363704 400937 440519 482466 526767 573387 622267 673313 726413 781420 838161 896424 955980 1016569 1077903 1139662 1201514 1263105 1324061 1383995 1442517 1499219 1553704 1605579 1654454 1699956 1741723 1779429 1812767 1841466 1865281 1884016 1897517 1905663 1908384 1905663 1897515 1884020 1865283 1841467 1812770 1779431 1741725 1699954 1654457 1605582 1553706 1499220 1442517 1383994 1324061 1263107 1201515 1139659 1077902 1016571 955980 896424 838157 781422 726413 673316 622265 573390 526768 482466 440519 400936 363703 328784 296128 265658 237289 210912 186419 163682 142564 122923 104609 87463 71330 56039 41430 27337 13584 
13719 27614 41849 56607 72046 88344 105661 124162 144000 165331 188296 213036 239673 268329 299107 332092 367360 404968 444950 487320 532065 579155 628525 680082 733717 789276 846584 905436 965591 1026787 1088734 1151114 1213588 1275798 1337366 1397903 1457012 1514283 1569315 1621712 1671076 1717036 1759222 1797306 1830980 1859961 1884017 1902943 1916576 1924804 1927552 1924804 1916578 1902945 1884018 1859965 1830979 1797306 1759221 1717033 1671078 1621713 1569316 1514281 1457009 1397903 1337365 1275799 1213588 1151113 1088733 1026786 965589 905434 846585 789275 733716 680083 628524 579154 532066 487321 444953 404969 367362 332094 299106 268328 239674 213038 188295 165329 144004 124163 105660 88345 72048 56604 41848 27610 13718 
13819 27810 42150 57012 72567 88980 106424 125053 145036 166518 189651 214565 241396 270258 301254 334474 369998 407877 448141 490817 535886 583310 633031 684962 738980 794937 852656 911927 972512 1034148 1096537 1159364 1222288 1284942 1346954 1407923 1467451 1525134 1580563 1633335 1683052 1729333 1771826 1810183 1844097 1873288 1897515 1916581 1930311 1938593 1941365 1938594 1930309 1916577 1897519 1873288 1844097 1810183 1771828 1729338 1683051 1633332 1580564 1525134 1467452 1407921 1346951 1284943 1222288 1159365 1096538 1034148 972515 911927 852653 794937 738978 684961 633032 583306 535882 490815 448143 407875 370001 334476 301254 270256 241395 214564 189652 166516 145035 125054 106422 88982 72568 57011 42148 27809 13818 
13879 27928 42331 57256 72876 89365 106879 125592 145656 167233 190463 215488 242432 271418 302549 335913 371588 409629 450072 492924 538187 585816 635752 687904 742152 798353 856319 915846 976693 1038590 1101248 1164345 1227537 1290461 1352734 1413967 1473751 1531680 1587350 1640345 1690277 1736760 1779434 1817954 1852013 1881330 1905662 1924807 1938596 1946916 1949697 1946915 1938594 1924802 1905662 1881330 1852014 1817956 1779433 1736759 1690280 1640345 1587349 1531682 1473753 1413969 1352735 1290461 1227538 1164345 1101248 1038591 976692 915844 856319 798351 742154 687905 635750 585815 538187 492924 450069 409627 371589 335912 302548 271418 242432 215489 190465 167233 145660 125592 106878 89362 72877 57258 42330 27931 13879 
13895 27967 42393 57339 72982 89490 107031 125772 145867 167476 190738 215797 242782 271808 302983 336393 372119 410215 450714 493631 538958 586653 636660 688886 743214 799493 857543 917152 978087 1040075 1102823 1166008 1229290 1292305 1354669 1415987 1475858 1533870 1589616 1642690 1692692 1739242 1781978 1820552 1854660 1884017 1908386 1927555 1941362 1949696 1952483 1949696 1941363 1927554 1908384 1884017 1854659 1820553 1781976 1739240 1692691 1642689 1589616 1533870 1475859 1415987 1354669 1292308 1229293 1166010 1102822 1040075 978087 917154 857542 799494 743215 688890 636660 586652 538957 493630 450713 410216 372120 336396 302981 271805 242779 215799 190737 167475 145867 125772 107032 89489 72981 57338 42392 27971 13897 
13876 27929 42332 57256 72874 89360 106882 125594 145660 167233 190465 215489 242434 271416 302547 335914 371587 409628 450071 492925 538187 585814 635751 687903 742152 798350 856315 915843 976694 1038588 1101246 1164343 1227535 1290461 1352736 1413966 1473751 1531683 1587350 1640345 1690276 1736760 1779434 1817954 1852012 1881329 1905661 1924806 1938594 1946917 1949701 1946916 1938596 1924805 1905664 1881329 1852011 1817955 1779433 1736761 1690274 1640345 1587349 1531682 1473754 1413966 1352735 1290460 1227538 1164347 1101248 1038588 976689 915847 856318 798352 742153 687904 635752 585813 538184 492925 450071 409631 371588 335912 302547 271418 242432 215489 190464 167234 145659 125594 106879 89362 72879 57257 42331 27929 13878 
13818 27807 42151 57012 72564 88976 106423 125054 145035 166517 189650 214564 241392 270259 301252 334474 369996 407874 448141 490817 535884 583307 633031 684962 738977 794936 852656 911924 972511 1034145 1096539 1159367 1222289 1284942 1346951 1407921 1467451 1525133 1580563 1633332 1683048 1729336 1771827 1810183 1844097 1873289 1897518 1916577 1930309 1938595 1941365 1938593 1930312 1916577 1897516 1873288 1844098 1810185 1771826 1729338 1683050 1633334 1580564 1525135 1467454 1407922 1346952 1284945 1222286 1159367 1096538 1034148 972514 911928 852655 794939 738981 684961 633029 583310 535879 490814 448144 407874 369997 334475 301252 270255 241394 214564 189650 166519 145035 125053 106420 88980 72563 57010 42149 27809 13817 
13721 27612 41848 56604 72046 88344 105663 124163 144001 165332 188300 213036 239673 268334 299105 332092 367363 404968 444950 487319 532066 579155 628522 680083 733717 789277 846584 905434 965594 1026788 1088734 1151113 1213587 1275799 1337365 1397903 1457010 1514283 1569318 1621714 1671076 1717032 1759222 1797307 1830981 1859966 1884019 1902942 1916576 1924805 1927554 1924802 1916580 1902943 1884017 1859962 1830977 1797308 1759221 1717033 1671076 1621711 1569317 1514281 1457011 1397904 1337366 1275798 1213588 1151113 1088733 1026789 965590 905435 846583 789276 733717 680082 628523 579157 532065 487318 444949 404966 367361 332092 299105 268332 239676 213036 188297 165331 144002 124161 105661 88345 72044 56604 41851 27611 13717 
13582 27337 41433 56042 71328 87463 104607 122925 142568 163683 186424 210913 237284 265658 296125 328784 363703 400935 440518 482467 526768 573386 622266 673313 726412 781421 838159 896422 955982 1016569 1077903 1139660 1201514 1263107 1324062 1383999 1442516 1499219 1553708 1605580 1654455 1699952 1741723 1779433 1812768 1841467 1865284 1884020 1897518 1905665 1908384 1905663 1897515 1884016 1865282 1841467 1812769 1779431 1741726 1699954 1654454 1605584 1553707 1499220 1442516 1383996 1324062 1263104 1201513 1139662 1077902 1016572 955981 896425 838159 781419 726413 673310 622267 573387 526766 482466 440519 400934 363703 328784 296126 265658 237286 210912 186418 163684 142564 122925 104611 87464 71326 56040 41432 27335 13581 
13409 26987 40902 55323 70415 86345 103271 121352 140741 161587 184035 208213 234251 262262 292337 324578 359049 395809 434885 476297 520032 566058 614313 664708 717130 771433 827447 884969 943765 1003580 1064132 1125103 1186166 1246971 1307151 1366320 1424092 1480074 1533865 1585078 1633330 1678247 1719486 1756713 1789622 1817951 1841465 1859963 1873290 1881329 1884019 1881331 1873288 1859964 1841467 1817956 1789622 1756710 1719483 1678248 1633330 1585077 1533865 1480074 1424094 1366320 1307151 1246971 1186168 1125104 1064131 1003581 943768 884972 827449 771435 717131 664706 614314 566055 520032 476300 434888 395810 359053 324579 292340 262258 234251 208214 184035 161588 140741 121354 103270 86342 70416 55321 40900 26989 13408 
13199 26565 40262 54458 69315 84997 101657 119456 138545 159065 181162 204962 230592 258165 287776 319512 353444 389632 428101 468863 511919 557227 604727 654338 705944 759402 814544 871171 929049 987934 1047539 1107561 1167674 1227532 1286772 1345021 1401894 1457002 1509955 1560373 1607874 1652091 1692687 1729332 1761731 1789623 1812768 1830979 1844097 1852013 1854658 1852013 1844099 1830979 1812770 1789625 1761732 1729335 1692688 1652093 1607870 1560375 1509958 1457005 1401894 1345022 1286775 1227530 1167676 1107561 1047538 987935 929053 871171 814545 759404 705944 654336 604728 557225 511916 468865 428099 389632 353448 319514 287775 258163 230592 204964 181161 159063 138542 119456 101657 84994 69314 54457 40263 26566 13198 
12955 26075 39518 53454 68036 83426 99781 117255 135989 156132 177822 201186 226345 253407 282471 313627 346938 382456 420215 460230 502492 546970 593594 642293 692950 745424 799554 855137 911954 969753 1028264 1087182 1146189 1204947 1263099 1320279 1376107 1430201 1482183 1531672 1578299 1621707 1661557 1697527 1729332 1756707 1779430 1797306 1810184 1817955 1820552 1817954 1810182 1797305 1779430 1756710 1729330 1697528 1661556 1621705 1578298 1531673 1482183 1430202 1376105 1320276 1263098 1204946 1146188 1087180 1028262 969754 911952 855136 799553 745425 692952 642293 593595 546966 502495 460233 420216 382456 346939 313626 282473 253405 226344 201186 177826 156136 135986 117251 99781 83429 68037 53454 39521 26074 12955 
12680 25520 38681 52318 66590 81654 97664 114765 133101 152820 174046 196913 221538 248028 276478 306971 339572 374339 411298 450467 491832 535365 581004 628669 678251 729617 782596 837001 892615 949191 1006461 1064132 1121891 1179406 1236326 1292294 1346939 1399889 1450771 1499213 1544849 1587339 1626344 1661556 1692686 1719482 1741723 1759224 1771826 1779431 1781975 1779433 1771825 1759221 1741724 1719485 1692685 1661555 1626346 1587339 1544851 1499212 1450770 1399890 1346938 1292294 1236325 1179406 1121891 1064133 1006464 949191 892614 837001 782595 729617 678252 628669 581004 535363 491830 450465 411300 374339 339574 306969 276477 248028 221539 196913 174045 152816 133102 114763 97662 81655 66591 52319 38681 25525 12681 
12377 24908 37751 51059 64989 79694 95317 112006 129901 149145 169863 192183 216214 242069 269834 299594 331416 365350 401424 439649 480021 522508 567054 613577 661970 712107 763815 816916 871195 926415 982313 1038600 1094977 1151111 1206668 1261293 1314627 1366309 1415971 1463252 1507798 1549271 1587338 1621707 1652094 1678248 1699955 1717035 1729334 1736759 1739240 1736759 1729334 1717034 1699954 1678249 1652091 1621707 1587338 1549267 1507800 1463252 1415971 1366312 1314630 1261293 1206666 1151111 1094974 1038600 982312 926416 871195 816914 763813 712104 661970 613578 567054 522509 480023 439648 401423 365348 331415 299595 269832 242069 216215 192180 169866 149148 129902 112005 95321 79694 64991 51061 37750 24907 12373 
12045 24240 36739 49691 63248 77552 92758 109001 126419 145144 165307 187030 210418 235577 262601 291563 322533 355558 390665 427869 467162 508509 551859 597137 644236 693027 743355 795036 847863 901606 956008 1010789 1065655 1120290 1174361 1227525 1279433 1329732 1378067 1424088 1467441 1507799 1544852 1578297 1607871 1633329 1654455 1671076 1683052 1690277 1692692 1690277 1683051 1671077 1654455 1633330 1607872 1578302 1544854 1507800 1467439 1424083 1378067 1329734 1279434 1227524 1174358 1120288 1065655 1010793 956010 901605 847861 795034 743354 693027 644237 597141 551861 508507 467160 427866 390662 355557 322532 291564 262600 235579 210418 187031 165306 145145 126417 108998 92757 77555 63247 49691 36739 24242 12042 
11687 23522 35651 48220 61375 75257 90012 105773 122677 140847 160412 181493 204190 228607 254831 282936 312989 345036 379106 415210 453341 493471 535543 579482 625189 672536 721379 771531 822800 874955 927751 980914 1034160 1087185 1139658 1191253 1241631 1290445 1337353 1382009 1424082 1463253 1499213 1531672 1560374 1585077 1605581 1621711 1633332 1640345 1642690 1640348 1633333 1621712 1605582 1585078 1560372 1531675 1499213 1463254 1424084 1382008 1337351 1290444 1241628 1191252 1139658 1087183 1034164 980915 927751 874954 822798 771532 721376 672536 625189 579480 535544 493471 453343 415210 379107 345038 312989 282935 254827 228605 204190 181494 160413 140850 122673 105773 90010 75258 61375 48219 35648 23520 11687 
11308 22759 34495 46656 59385 72819 87097 102348 118702 136285 155221 175615 197579 221204 246581 273779 302862 333869 366839 401781 438678 477509 518221 560738 604971 650789 698052 746586 796197 846668 897759 949207 1000733 1052043 1102824 1152753 1201502 1248743 1294136 1337352 1378067 1415973 1450770 1482185 1509960 1533866 1553707 1569317 1580561 1587348 1589618 1587349 1580563 1569318 1553705 1533865 1509958 1482183 1450770 1415975 1378068 1337351 1294132 1248743 1201504 1152751 1102825 1052043 1000735 949208 897760 846670 796197 746587 698055 650793 604971 560738 518220 477505 438677 401776 366841 333872 302861 273779 246583 221206 197579 175617 155219 136287 118701 102345 87097 72821 59387 46657 34494 22759 11308 
10912 21959 33281 45016 57299 70259 84035 98750 114531 131498 149766 169446 190638 213434 237920 264163 292224 322145 353955 387669 423271 460741 500029 541055 583735 627948 673551 720386 768258 816957 866259 915903 965623 1015133 1064134 1112314 1159355 1204939 1248744 1290446 1329733 1366313 1399889 1430202 1457002 1480074 1499219 1514284 1525135 1531682 1533872 1531682 1525133 1514285 1499218 1480073 1457003 1430204 1399892 1366310 1329733 1290444 1248744 1204941 1159359 1112315 1064134 1015133 965623 915904 866261 816960 768258 720385 673551 627948 583734 541057 500028 460744 423274 387668 353958 322146 292224 264163 237918 213433 190637 169448 149765 131495 114528 98750 84035 70263 57298 45016 33282 21959 10910 
10497 21127 32022 43310 55125 67595 80849 95006 110188 126516 144088 163023 183414 205349 228904 254155 281155 309943 340551 372990 407245 443295 481096 520573 561637 604175 648054 693122 739179 786042 833477 881247 929087 976726 1023871 1070229 1115497 1159357 1201504 1241629 1279431 1314628 1346938 1376105 1401896 1424096 1442516 1457012 1467451 1473755 1475859 1473754 1467453 1457010 1442515 1424094 1401896 1376106 1346940 1314631 1279434 1241631 1201502 1159356 1115498 1070233 1023874 976726 929085 881245 833477 786042 739182 693120 648059 604175 561636 520571 481094 443300 407244 372988 340550 309945 281154 254156 228905 205348 183414 163024 144090 126513 110188 95005 80850 67598 55124 43310 32020 21125 10498 
10070 20267 30716 41547 52882 64847 77562 91142 105711 121371 138234 156399 175958 197001 219603 243829 269731 297352 326718 357837 390704 425293 461556 499431 538832 579646 621747 664981 709173 754135 799647 845479 891381 937088 982324 1026801 1070233 1112314 1152754 1191252 1227523 1261292 1292294 1320279 1345024 1366324 1383996 1397902 1407920 1413969 1415989 1413966 1407920 1397902 1383996 1366319 1345022 1320277 1292294 1261295 1227525 1191253 1152753 1112313 1070231 1026802 982323 937088 891380 845478 799648 754139 709174 664983 621748 579647 538831 499431 461556 425292 390702 357835 326718 297352 269730 243826 219604 197003 175961 156395 138229 121366 105707 91140 77560 64849 52882 41548 30716 20268 10070 
9632 19386 29382 39743 50589 62032 74193 87185 101120 116102 132234 149614 168324 188455 210077 233250 258032 284457 312550 342320 373762 406856 441549 477783 515477 554525 594800 636164 678444 721457 765000 808847 852762 896489 939770 982323 1023873 1064136 1102824 1139656 1174358 1206669 1236325 1263101 1286772 1307151 1324061 1337365 1346951 1352738 1354669 1352735 1346951 1337366 1324060 1307148 1286773 1263099 1236324 1206668 1174359 1139655 1102821 1064134 1023872 982320 939768 896490 852763 808848 764998 721457 678443 636164 594801 554523 515475 477782 441547 406854 373764 342321 312550 284457 258031 233251 210075 188454 168325 149610 132233 116102 101121 87185 74194 62032 50588 39743 29384 19387 9633 
9188 18491 28029 37911 48254 59169 70769 83166 96454 110746 126132 142710 160558 179761 200385 222495 246132 271341 298139 326540 356534 388102 421197 455767 491723 528972 567396 606855 647191 688223 729762 771592 813487 855203 896489 937087 976723 1015134 1052042 1087183 1120289 1151107 1179405 1204948 1227531 1246971 1263104 1275799 1284943 1290460 1292304 1290461 1284943 1275796 1263105 1246973 1227533 1204946 1179403 1151110 1120289 1087182 1052041 1015133 976725 937086 896490 855201 813487 771592 729763 688227 647190 606853 567396 528973 491724 455765 421198 388102 356532 326542 298141 271342 246133 222496 200387 179760 160557 142712 126136 110746 96455 83167 70771 59170 48253 37911 28030 18491 9188 
8740 17589 26657 36058 45897 56276 67311 79100 91741 105334 119970 135738 152715 170982 190600 211629 234114 258089 283580 310597 339129 369156 400637 433520 467724 503157 539708 577243 615613 654646 694158 733951 773802 813484 852759 891376 929085 965627 1000736 1034164 1065656 1094974 1121891 1146191 1167674 1186165 1201515 1213588 1222289 1227536 1229291 1227538 1222288 1213589 1201514 1186167 1167674 1146190 1121891 1094975 1065656 1034160 1000732 965623 929088 891377 852763 813488 773802 733951 694161 654646 615610 577243 539706 503156 467725 433519 400638 369154 339128 310598 283582 258091 234115 211627 190599 170983 152716 135739 119970 105332 91740 79099 67311 56281 45896 36060 26658 17586 8738 
8286 16680 25281 34197 43526 53373 63836 75017 87009 99901 113783 128735 144840 162163 180772 200717 222041 244785 268965 294585 321651 350133 379994 411181 443623 477233 511903 547505 583899 620929 658404 696148 733950 771596 808847 845478 881243 915902 949206 980916 1010790 1038602 1064133 1087184 1107561 1125101 1139661 1151114 1159365 1164344 1166013 1164345 1159365 1151116 1139661 1125103 1107559 1087181 1064133 1038602 1010790 980916 949210 915905 881246 845478 808848 771592 733948 696149 658406 620926 583900 547505 511902 477234 443623 411180 379990 350130 321649 294588 268963 244785 222043 200717 180771 162163 144839 128735 113780 99900 87008 75017 63839 53373 43525 34195 25280 16681 8289 
7838 15774 23906 32339 41160 50473 60369 70941 82280 94475 107603 121745 136975 153358 170957 189823 209992 231500 254370 278601 304196 331138 359377 388875 419560 451349 484141 517813 552236 587255 622705 658405 694158 729762 764999 799646 833479 866259 897762 927751 956007 982313 1006462 1028265 1047538 1064131 1077900 1088733 1096536 1101249 1102822 1101247 1096540 1088733 1077900 1064129 1047539 1028261 1006461 982312 956006 927751 897759 866259 833478 799647 764999 729761 694158 658406 622706 587258 552237 517818 484139 451350 419560 388875 359377 331134 304199 278602 254367 231500 209991 189821 170958 153359 136975 121747 107602 94472 82281 70942 60372 50474 41160 32340 23908 15772 7837 
7389 14873 22544 30493 38813 47597 56926 66898 77590 89088 101466 114806 129165 144620 161214 179003 198024 218310 239874 262729 286870 312276 338908 366728 395667 425646 456573 488331 520795 553820 587256 620924 654648 688225 721457 754136 786043 816958 846670 874953 901606 926417 949193 969752 987932 1003580 1016571 1026790 1034148 1038591 1040076 1038590 1034150 1026790 1016568 1003582 987934 969756 949194 926415 901604 874955 846668 816960 786044 754136 721459 688224 654646 620925 587258 553822 520794 488332 456572 425647 395666 366725 338911 312274 286868 262728 239874 218307 198025 179003 161216 144616 129167 114806 101467 89086 77588 66899 56926 47595 38817 30495 22543 14873 7391 
6950 13984 21197 28672 36495 44753 53528 62902 72954 83765 95407 107950 121454 135982 151590 168317 186205 205279 225557 247051 269753 293638 318688 344846 372064 400259 429339 459205 489734 520793 552237 583898 615612 647191 678443 709174 739180 768257 796196 822800 847863 871196 892616 911952 929050 943768 955982 965590 972511 976690 978088 976690 972514 965591 955983 943767 929047 911952 892617 871194 847861 822799 796198 768259 739183 709173 678444 647190 615612 583900 552236 520795 489736 459205 429340 400257 372063 344849 318690 293642 269750 247050 225562 205279 186203 168315 151587 135981 121455 107950 95408 83766 72955 62900 53525 44751 36495 28670 21197 13987 6949 
6516 13112 19873 26881 34215 41955 50183 58973 68400 78536 89449 101212 113873 127496 142128 157815 174586 192471 211488 231640 252925 275328 298813 323347 348864 375300 402572 430577 459207 488331 517815 547506 577246 606856 636164 664980 693120 720386 746585 771531 795034 816915 837003 855135 871168 884970 896423 905434 911927 915844 917155 915843 911926 905435 896424 884971 871169 855136 837003 816914 795036 771534 746586 720386 693118 664978 636163 606855 577244 547504 517815 488330 459205 430576 402570 375300 348862 323343 298811 275325 252924 231638 211487 192471 174584 157812 142130 127498 113874 101212 89451 78536 68401 58973 50185 41956 34214 26882 19873 13112 6518 
6091 12257 18578 25129 31986 39224 46914 55130 63942 73419 83626 94617 106457 119196 132876 147543 163221 179944 197723 216564 236467 257411 279371 302307 326168 350886 376384 402571 429341 456572 484141 511903 539706 567397 594800 621747 648058 673554 698050 721377 743355 763815 782597 799552 814544 827446 838159 846583 852654 856318 857542 856318 852652 846587 838158 827449 814544 799552 782596 763814 743354 721376 698053 673553 648058 621747 594800 567397 539708 511904 484139 456572 429341 402570 376387 350888 326169 302307 279370 257411 236465 216567 197721 179942 163220 147541 132876 119194 106458 94622 83625 73422 63946 55132 46916 39222 31985 25128 18578 12257 6090 
5677 11424 17317 23425 29816 36563 43731 51392 59607 68439 77954 88200 99237 111114 123866 137538 152156 167744 184323 201886 220440 239965 260439 281825 304067 327115 350884 375300 400258 425647 451350 477232 503156 528974 554522 579646 604177 627947 650788 672539 693028 712104 729616 745424 759401 771434 781421 789279 794936 798351 799495 798353 794935 789277 781422 771436 759403 745424 729615 712101 693026 672537 650792 627950 604177 579645 554523 528974 503157 477235 451348 425647 400257 375299 350887 327116 304067 281824 260438 239966 220439 201887 184318 167745 152155 137538 123865 111113 99238 88201 77954 68441 59608 51393 43732 36560 29814 23425 17318 11426 5676 
5276 10622 16096 21773 27711 33980 40644 47765 55402 63610 72453 81981 92239 103277 115130 127838 141429 155921 171326 187658 204905 223056 242087 261965 282646 304066 326169 348866 372064 395669 419560 443623 467724 491723 515477 538833 561637 583734 604971 625189 644240 661972 678252 692951 705944 717128 726414 733723 738979 742154 743216 742153 738980 733717 726414 717131 705942 692947 678252 661972 644236 625188 604974 583735 561636 538831 515475 491722 467722 443623 419560 395670 372064 348862 326167 304069 282644 261968 242087 223056 204906 187657 171329 155919 141428 127840 115132 103280 92239 81976 72456 63611 55400 47764 40646 33980 27712 21772 16096 10619 5278 
4888 9843 14914 20176 25682 31491 37669 44267 51343 58952 67147 75976 85484 95713 106702 118481 131076 144505 158787 173922 189911 206732 224372 242797 261965 281822 302307 323345 344847 366729 388876 411181 433521 455768 477784 499433 520572 541055 560741 579480 597139 613577 628670 642290 654340 664705 673311 680084 684960 687904 688886 687903 684961 680082 673312 664707 654340 642293 628671 613577 597139 579482 560740 541054 520573 499431 477782 455767 433520 411179 388877 366728 344848 323342 302307 281822 261967 242797 224373 206732 189905 173921 158787 144503 131072 118480 106699 95714 85482 75975 67148 58952 51345 44268 37668 31492 25682 20175 14916 9840 4888 
4517 9093 13781 18643 23729 29100 34805 40904 47443 54472 62046 70203 78993 88445 98599 109482 121123 133533 146733 160718 175493 191041 207343 224372 242089 260438 279371 298811 318687 338908 359379 379991 400638 421198 441547 461558 481094 500027 518218 535542 551863 567057 581003 593594 604729 614314 622263 628521 633030 635751 636662 635753 633031 628522 622265 614311 604727 593594 581003 567055 551863 535542 518221 500028 481093 461556 441549 421202 400640 379993 359378 338908 318689 298813 279371 260440 242086 224374 207345 191040 175493 160719 146732 133535 121122 109482 98598 88444 78991 70205 62044 54475 47442 40902 34807 29097 23728 18641 13783 9092 4517 
4161 8377 12695 17173 21863 26810 32065 37683 43708 50187 57164 64683 72775 81485 90840 100869 111597 123029 135192 148078 161692 176018 191040 206731 223057 239967 257412 275325 293638 312272 331135 350128 369155 388101 406853 425292 443296 460744 477509 493468 508507 522510 535364 546966 557226 566061 573388 579153 583308 585815 586651 585816 583308 579154 573388 566059 557226 546967 535365 522511 508507 493469 477510 460742 443296 425292 406854 388101 369155 350130 331137 312275 293640 275325 257409 239966 223054 206734 191043 176020 161692 148080 135192 123030 111594 100871 90840 81486 72774 64681 57163 50186 43709 37682 32066 26806 21860 17175 12696 8375 4161 
3823 7694 11662 15773 20079 24623 29453 34614 40148 46098 52505 59411 66846 74849 83444 92656 102506 113015 124186 136025 148531 161691 175491 189909 204903 220441 236467 252925 269750 286869 304197 321648 339128 356535 373767 390704 407245 423275 438675 453343 467158 480025 491833 502493 511919 520034 526768 532067 535883 538186 538956 538185 535882 532066 526767 520034 511921 502492 491832 480021 467159 453343 438678 423273 407247 390705 373766 356535 339129 321650 304198 286867 269749 252924 236466 220438 204904 189910 175495 161691 148532 136022 124185 113015 102509 92658 83441 74849 66847 59412 52505 46097 40147 34613 29451 24620 20077 15774 11663 7696 3824 
3501 7045 10679 14445 18386 22547 26970 31697 36762 42213 48082 54406 61216 68543 76415 84850 93873 103496 113727 124572 136024 148079 160718 173923 187656 201886 216565 231640 247053 262729 278600 294587 310595 326540 342320 357836 372987 387672 401777 415212 427866 439649 450468 460231 468867 476299 482465 487319 490819 492922 493630 492925 490816 487320 482467 476298 468866 460233 450467 439649 427867 415210 401778 387669 372991 357837 342319 326540 310597 294587 278603 262731 247049 231640 216565 201886 187655 173921 160720 148080 136025 124571 113729 103495 93874 84849 76414 68544 61218 54405 48083 42214 36761 31694 26971 22548 18388 14443 10678 7045 3501 
3194 6432 9750 13185 16781 20581 24617 28933 33559 38535 43892 49668 55883 62575 69762 77464 85700 94484 103827 113730 124184 135190 146733 158788 171327 184320 197722 211486 225559 239875 254365 268965 283582 298139 312548 326716 340553 353957 366842 379104 390663 401421 411298 420217 428103 434886 440520 444952 448144 450069 450713 450069 448145 444953 440519 434889 428102 420216 411300 401421 390663 379106 366841 353959 340551 326715 312546 298140 283583 268962 254367 239874 225559 211487 197722 184317 171327 158786 146732 135191 124188 113731 103828 94487 85700 77462 69760 62573 55885 49667 43892 38533 33559 28935 24619 20581 16784 13185 9747 6432 3198 
2909 5853 8869 11998 15274 18730 22400 26325 30536 35068 39942 45197 50855 56944 63483 70492 77989 85986 94488 103497 113015 123030 133536 144507 155919 167745 179943 192473 205279 218309 231499 244783 258090 271340 284456 297353 309944 322146 333872 345036 355557 365349 374340 382456 389632 395807 400939 404970 407875 409628 410214 409628 407876 404969 400935 395812 389631 382454 374338 365347 355555 345034 333872 322144 309943 297353 284456 271340 258093 244782 231501 218309 205278 192475 179947 167745 155919 144505 133535 123030 113014 103496 94486 85984 77987 70492 63483 56942 50853 45194 39944 35066 30541 26329 22404 18729 15272 11997 8872 5852 2907 
2639 5306 8044 10881 13852 16986 20317 23881 27697 31803 36224 40993 46123 51647 57577 63936 70737 77989 85700 93874 102505 111595 121122 131075 141428 152157 163222 174587 186203 198025 209993 222046 234114 246132 258030 269729 281153 292222 302862 312988 322532 331415 339572 346938 353445 359050 363704 367362 369999 371588 372121 371586 369997 367361 363700 359051 353447 346936 339576 331419 322532 312989 302864 292225 281154 269730 258032 246135 234116 222043 209991 198023 186204 174585 163222 152154 141427 131072 121121 111594 102505 93875 85701 77991 70737 63938 57578 51648 46124 40991 36224 31803 27698 23876 20318 16985 13850 10881 8044 5311 2636 
2384 4798 7273 9835 12517 15351 18365 21582 25035 28746 32743 37048 41686 46681 52041 57789 63936 70490 77462 84850 92654 100868 109482 118480 127838 137536 147540 157812 168317 179003 189821 200715 211628 222495 233250 243828 254156 264161 273779 282935 291565 299596 306968 313626 319512 324578 328783 332091 334476 335913 336395 335911 334477 332093 328783 324578 319514 313627 306971 299599 291564 282935 273782 264161 254156 243827 233249 222494 211628 200717 189823 179003 168317 157813 147541 137536 127840 118478 109483 100871 92656 84852 77463 70492 63935 57788 52042 46680 41688 37049 32740 28743 25033 21580 18365 15350 12517 9834 7270 4795 2384 
2146 4319 6546 8854 11274 13826 16536 19433 22543 25883 29484 33363 37539 42035 46864 52042 57576 63483 69762 76413 83441 90840 98597 106703 115133 123864 132878 142128 151588 161214 170957 180771 190598 200386 210076 219604 228905 237920 246580 254829 262598 269834 276478 282474 287775 292339 296127 299107 301254 302546 302982 302547 301251 299106 296124 292338 287775 282472 276477 269835 262600 254828 246581 237921 228905 219605 210078 200385 190600 180772 170960 161215 151590 142127 132874 123866 115131 106700 98597 90840 83444 76413 69759 63481 57577 52039 46865 42036 37540 33360 29483 25884 22541 19434 16536 13822 11273 8856 6549 4319 2146 
1924 3875 5870 7941 10110 12398 14831 17428 20217 23218 26445 29926 33674 37704 42034 46679 51645 56943 62573 68543 74848 81487 88443 95715 103279 111112 119195 127494 135984 144619 153360 162165 170983 179763 188455 197002 205348 213434 221205 228605 235576 242068 248030 253409 258166 262258 265656 268329 270256 271419 271808 271420 270256 268330 265657 262259 258165 253406 248025 242069 235579 228604 221205 213434 205346 197002 188455 179762 170981 162164 153359 144617 135982 127495 119196 111111 103277 95713 88445 81485 74848 68543 62572 56943 51645 46680 42036 37704 33674 29923 26444 23215 20218 17431 14832 12399 10110 7941 5870 3875 1924 
1720 3458 5243 7093 9030 11071 13245 15564 18055 20733 23616 26725 30072 33672 37540 41687 46122 50854 55883 61215 66849 72776 78992 85484 92241 99238 106458 113874 121453 129168 136976 144838 152714 160561 168326 175956 183412 190637 197579 204189 210417 216216 221541 226345 230594 234251 237287 239675 241395 242432 242779 242434 241395 239675 237286 234250 230594 226346 221539 216216 210419 204189 197578 190636 183411 175959 168328 160559 152714 144839 136972 129167 121454 113871 106459 99237 92240 85485 78991 72775 66848 61216 55885 50852 46123 41688 37539 33672 30072 26722 23616 20734 18054 15567 13244 11070 9029 7093 5242 3461 1718 
1527 3074 4658 6304 8025 9839 11773 13833 16044 18425 20989 23749 26723 29925 33361 37047 40991 45196 49667 54406 59411 64680 70205 75976 81981 88204 94619 101210 107948 114805 121746 128737 135738 142709 149611 156396 163023 169442 175614 181491 187030 192183 196915 201186 204965 208217 210912 213035 214565 215490 215797 215487 214565 213036 210912 208215 204962 201185 196916 192181 187030 181490 175617 169449 163024 156398 149611 142708 135738 128736 121745 114806 107949 101210 94619 88201 81979 75977 70204 64682 59413 54406 49666 45195 40993 37047 33361 29925 26723 23748 20987 18425 16043 13837 11772 9837 8025 6304 4659 3075 1528 
1348 2716 4117 5572 7091 8694 10401 12222 14177 16280 18546 20987 23617 26447 29484 32742 36226 39942 43893 48084 52507 57164 62048 67149 72455 77954 83628 89452 95411 101467 107601 113781 119970 126131 132233 138235 144091 149766 155222 160412 165306 169862 174048 177820 181162 184035 186420 188297 189647 190464 190738 190462 189650 188297 186421 184035 181165 177821 174048 169864 165309 160411 155220 149765 144088 138230 132235 126133 119969 113782 107601 101468 95409 89451 83626 77954 72454 67148 62048 57163 52508 48082 43895 39944 36226 32739 29484 26444 23617 20988 18548 16283 14179 12223 10400 8694 7089 5569 4119 2717 1350 
1185 2387 3612 4890 6224 7632 9130 10730 12446 14293 16282 18424 20732 23214 25885 28746 31803 35064 38534 42214 46097 50186 54473 58953 63609 68441 73422 78538 83767 89087 94474 99898 105334 110745 116104 121368 126511 131495 136285 140845 145142 149144 152817 156132 159064 161589 163683 165329 166519 167235 167477 167234 166518 165331 163684 161588 159067 156134 152816 149144 145143 140846 136290 131499 126516 121367 116101 110745 105333 99900 94476 89089 83767 78535 73422 68441 63612 58952 54473 50184 46097 42211 38536 35064 31804 28745 25886 23216 20733 18427 16284 14295 12447 10732 9129 7633 6225 4891 3613 2388 1188 
1032 2075 3147 4258 5419 6648 7950 9349 10838 12448 14180 16045 18055 20217 22541 25031 27700 30538 33559 36762 40149 43708 47442 51343 55402 59607 63945 68400 72955 77590 82282 87007 91739 96456 101119 105707 110190 114533 118701 122674 126417 129901 133099 135989 138546 140743 142566 143999 145036 145659 145871 145659 145035 144002 142566 140742 138543 135990 133102 129901 126417 122675 118704 114530 110189 105709 101118 96455 91740 87008 82282 77590 72956 68400 63943 59607 55401 51341 47442 43706 40145 36762 33561 30539 27697 25031 22540 20216 18056 16046 14179 12447 10838 9344 7950 6646 5420 4258 3148 2075 1031 
892 1789 2714 3670 4674 5729 6854 8057 9344 10730 12222 13833 15564 17431 19435 21580 23878 26329 28934 31697 34612 37683 40902 44265 47766 51392 55130 58972 62901 66897 70944 75018 79098 83163 87187 91143 95006 98749 102346 105770 108999 112003 114760 117256 119456 121354 122925 124162 125055 125591 125769 125592 125053 124163 122925 121351 119456 117255 114763 112004 108998 105771 102346 98750 95008 91143 87186 83164 79098 75019 70942 66898 62900 58973 55131 51389 47764 44268 40900 37681 34614 31696 28934 26328 23878 21579 19431 17431 15564 13831 12223 10731 9345 8056 6853 5730 4672 3671 2717 1790 888 
756 1524 2310 3124 3975 4874 5832 6855 7950 9128 10400 11769 13245 14832 16537 18361 20317 22400 24620 26971 29454 32067 34805 37670 40646 43729 46919 50181 53525 56927 60370 63837 67311 70770 74196 77562 80847 84034 87095 90014 92759 95315 97663 99782 101654 103268 104607 105663 106421 106877 107031 106879 106423 105661 104608 103269 101656 99785 97662 95314 92758 90011 87097 84036 80849 77559 74191 70770 67312 63838 60369 56926 53526 50185 46915 43729 40646 37667 34805 32065 29452 26968 24620 22402 20317 18366 16535 14830 13244 11769 10402 9129 7951 6854 5832 4878 3974 3124 2309 1523 756 
632 1273 1929 2607 3321 4074 4876 5729 6648 7633 8693 9841 11073 12399 13825 15352 16987 18729 20581 22548 24623 26804 29098 31493 33981 36563 39223 41956 44752 47594 50473 53373 56277 59169 62034 64849 67595 70259 72818 75257 77555 79695 81654 83427 84995 86345 87462 88343 88978 89360 89489 89363 88980 88344 87464 86345 84994 83431 81655 79694 77553 75257 72822 70261 67597 64849 62034 59170 56277 53374 50476 47596 44750 41959 39225 36559 33982 31491 29098 26808 24624 22549 20582 18727 16986 15352 13822 12400 11073 9839 8694 7632 6645 5729 4877 4074 3324 2610 1931 1274 634 
516 1043 1575 2126 2709 3324 3976 4671 5422 6223 7089 8023 9027 10110 11273 12519 13852 15272 16783 18387 20078 21862 23729 25681 27713 29816 31985 34216 36494 38812 41160 43527 45895 48253 50590 52883 55124 57299 59385 61374 63245 64989 66593 68036 69315 70415 71330 72045 72564 72879 72982 72876 72563 72047 71328 70415 69317 68036 66589 64993 63247 61373 59383 57298 55125 52883 50589 48252 45894 43525 41162 38813 36493 34215 31987 29814 27712 25681 23727 21860 20081 18387 16787 15275 13850 12518 11272 10110 9029 8023 7090 6224 5420 4671 3974 3323 2708 2127 1574 1037 516 
406 817 1236 1672 2128 2610 3122 3670 4258 4889 5570 6303 7092 7943 8855 9837 10880 11997 13187 14444 15774 17176 18640 20175 21770 23425 25131 26879 28670 30493 32336 34197 36055 37909 39744 41548 43309 45018 46655 48220 49690 51059 52316 53456 54461 55320 56044 56604 57010 57256 57340 57255 57009 56605 56041 55323 54459 53454 52316 51059 49691 48219 46657 45015 43310 41548 39743 37911 36057 34195 32338 30492 28671 26879 25130 23422 21771 20179 18643 17174 15776 14447 13187 11998 10882 9834 8855 7942 7093 6303 5571 4890 4259 3674 3120 2610 2127 1671 1234 815 404 
300 602 913 1236 1573 1931 2308 2713 3148 3615 4116 4661 5245 5872 6547 7270 8044 8871 9749 10679 11664 12696 13782 14917 16097 17319 18577 19873 21198 22546 23907 25283 26657 28026 29383 30717 32019 33282 34495 35647 36736 37754 38681 39518 40264 40903 41432 41849 42153 42332 42395 42330 42149 41849 41433 40901 40262 39520 38681 37750 36740 35651 34496 33284 32021 30717 29383 28026 26656 25282 23906 22543 21196 19874 18578 17317 16093 14918 13783 12696 11663 10680 9748 8870 8046 7271 6546 5872 5244 4659 4119 3615 3150 2717 2309 1928 1572 1235 912 604 301 
198 399 603 815 1038 1274 1523 1791 2076 2386 2715 3073 3460 3875 4322 4796 5306 5849 6431 7045 7695 8374 9091 9839 10619 11426 12257 13110 13986 14873 15774 16678 17588 18491 19386 20268 21126 21960 22759 23519 24238 24909 25519 26074 26562 26988 27337 27613 27810 27930 27969 27932 27809 27613 27336 26985 26568 26074 25521 24908 24240 23519 22759 21959 21127 20266 19387 18495 17587 16679 15778 14872 13986 13112 12258 11425 10621 9839 9092 8374 7695 7046 6431 5850 5308 4800 4320 3875 3459 3076 2718 2384 2078 1790 1523 1273 1038 813 603 398 197 
99 199 300 405 516 632 756 891 1031 1186 1350 1528 1718 1926 2146 2384 2637 2907 3196 3500 3822 4162 4520 4889 5276 5676 6088 6517 6948 7391 7837 8287 8739 9187 9631 10070 10497 10910 11307 11689 12042 12377 12680 12955 13200 13411 13581 13721 13819 13879 13898 13877 13816 13719 13588 13411 13198 12956 12680 12376 12041 11687 11310 10910 10498 10071 9632 9189 8738 8287 7837 7390 6949 6515 6091 5678 5274 4889 4516 4163 3822 3499 3198 2907 2636 2384 2145 1927 1720 1527 1350 1184 1031 890 756 632 517 406 299 197 98 