Parameters: 101 101 0.7
5320 5416 5609 5898 6289 6780 7374 8079 8889 9813 10856 12018 13304 14717 16257 17929 19740 21684 23763 25978 28323 30803 33407 36134 38975 41920 44962 48091 51288 54547 57846 61168 64495 67812 71093 74325 77473 80530 83469 86265 88900 91352 93606 95639 97439 98986 100270 101283 102008 102449 102601 102448 102009 101284 100269 98986 97438 95641 93605 91354 88899 86266 83467 80529 77476 74323 71095 67814 64497 61168 57846 54547 51289 48091 44964 41920 38976 36131 33411 30804 28322 25975 23762 21683 19738 17930 16256 14713 13303 12016 10854 9815 8893 8078 7376 6781 6293 5899 5609 5415 5321 
5416 5515 5711 6005 6404 6901 7508 8224 9051 9990 11050 12231 13540 14979 16549 18253 20096 22071 24188 26444 28834 31355 34010 36783 39675 42674 45771 48955 52210 55524 58884 62265 65650 69028 72371 75656 78863 81977 84966 87811 90492 92992 95285 97354 99183 100760 102068 103096 103835 104285 104435 104284 103841 103096 102068 100761 99185 97353 95286 92991 90495 87813 84964 81975 78865 75655 72371 69031 65654 62264 58883 55523 52212 48956 45776 42675 39673 36783 34006 31358 28833 26446 24191 22073 20096 18254 16551 14981 13541 12232 11051 9990 9052 8223 7508 6903 6405 6004 5708 5514 5415 
5609 5710 5913 6221 6629 7147 7774 8514 9371 10346 11446 12667 14025 15511 17138 18900 20806 22854 25044 27380 29856 32466 35213 38088 41079 44184 47392 50686 54057 57487 60964 64464 67975 71467 74928 78330 81652 84872 87968 90912 93691 96275 98649 100795 102689 104319 105673 106738 107506 107969 108123 107967 107507 106738 105673 104320 102688 100796 98652 96278 93692 90915 87969 84871 81653 78329 74927 71469 67975 64466 60964 57489 54060 50688 47390 44182 41079 38088 35212 32468 29854 27380 25046 22857 20807 18900 17137 15512 14024 12666 11443 10345 9371 8517 7777 7150 6632 6223 5912 5711 5609 
5900 6006 6221 6541 6971 7521 8180 8958 9855 10880 12037 13322 14747 16311 18022 19877 21880 24035 26338 28793 31391 34140 37030 40046 43194 46462 49834 53296 56841 60448 64103 67782 71474 75147 78785 82357 85852 89239 92491 95588 98510 101225 103723 105974 107966 109683 111105 112227 113035 113518 113680 113517 113029 112225 111106 109683 107967 105975 103721 101227 98507 95589 92492 89239 85852 82359 78781 75144 71473 67786 64104 60448 56839 53296 49831 46463 43197 40047 37027 34141 31393 28794 26337 24033 21881 19875 18019 16309 14747 13322 12034 10881 9857 8958 8178 7520 6972 6542 6219 6005 5899 
6288 6401 6630 6973 7435 8014 8718 9550 10506 11597 12829 14201 15718 17386 19207 21184 23319 25613 28071 30683 33458 36386 39460 42681 46035 49512 53107 56798 60577 64417 68310 72235 76165 80076 83955 87764 91488 95095 98563 101863 104972 107868 110527 112927 115049 116880 118393 119588 120447 120964 121138 120966 120448 119585 118394 116879 115050 112927 110528 107869 104973 101862 98560 95094 91487 87764 83953 80077 76163 72234 68315 64419 60575 56798 53107 49512 46034 42681 39464 36387 33459 30686 28071 25615 23320 21185 19208 17387 15719 14199 12831 11598 10505 9546 8717 8015 7434 6974 6630 6405 6290 
6779 6901 7148 7518 8016 8639 9397 10290 11326 12503 13827 15306 16942 18740 20704 22833 25135 27611 30256 33072 36061 39212 42529 46001 49612 53358 57232 61206 65276 69419 73617 77842 82077 86295 90469 94575 98588 102474 106210 109763 113115 116235 119099 121688 123972 125944 127576 128864 129788 130345 130535 130347 129790 128861 127578 125941 123978 121688 119101 116236 113117 109764 106210 102471 98586 94576 90470 86291 82076 77843 73618 69421 65279 61211 57230 53360 49613 45998 42529 39215 36060 33073 30257 27606 25135 22833 20702 18741 16940 15305 13829 12501 11324 10292 9399 8640 8012 7520 7148 6904 6779 
7375 7508 7778 8177 8717 9396 10221 11194 12316 13597 15037 16647 18425 20382 22514 24831 27332 30024 32898 35961 39211 42641 46245 50014 53944 58020 62229 66554 70975 75480 80041 84634 89239 93826 98362 102826 107187 111410 115470 119335 122980 126372 129485 132300 134784 136922 138699 140098 141105 141712 141916 141714 141104 140097 138701 136923 134782 132299 129487 126373 122981 119336 115469 111410 107186 102826 98362 93823 89238 84634 80039 75478 70977 66556 62228 58020 53945 50016 46245 42640 39213 35962 32899 30021 27333 24830 22514 20382 18427 16646 15038 13596 12318 11195 10223 9397 8718 8179 7774 7508 7376 
8079 8222 8516 8953 9545 10292 11194 12255 13486 14890 16465 18227 20175 22312 24649 27184 29925 32866 36018 39376 42927 46680 50627 54754 59054 63513 68119 72855 77696 82625 87617 92644 97685 102701 107669 112554 117324 121948 126392 130624 134610 138321 141732 144809 147532 149870 151814 153341 154445 155110 155332 155110 154446 153344 151813 149870 147531 144809 141730 138322 134610 130624 126393 121949 117326 112553 107668 102702 97684 92646 87615 82624 77695 72855 68118 63514 59054 54754 50627 46681 42928 39371 36018 32870 29925 27186 24651 22313 20175 18226 16468 14889 13487 12256 11192 10290 9545 8955 8517 8223 8078 
8889 9050 9372 9854 10506 11326 12319 13486 14840 16381 18117 20054 22196 24550 27121 29911 32922 36162 39624 43315 47224 51352 55691 60230 64961 69869 74932 80139 85463 90886 96375 101904 107448 112966 118431 123804 129050 134136 139020 143674 148058 152142 155890 159274 162267 164839 166977 168660 169871 170601 170844 170602 169874 168660 166978 164843 162263 159273 155891 152143 148058 143678 139022 134135 129047 123802 118429 112965 107447 101906 96377 90885 85463 80139 74932 69868 64965 60231 55691 51356 47228 43314 39625 36161 32923 29911 27121 24550 22197 20055 18119 16381 14837 13486 12316 11325 10507 9854 9372 9050 8889 
9812 9992 10344 10878 11598 12503 13599 14887 16382 18083 19998 22135 24502 27097 29934 33014 36338 39912 43733 47806 52121 56674 61462 66472 71691 77107 82697 88439 94317 100299 106356 112455 118571 124660 130689 136616 142407 148017 153407 158542 163381 167888 172023 175753 179054 181893 184254 186109 187446 188252 188523 188254 187448 186108 184252 181898 179056 175752 172020 167886 163380 158544 153410 148016 142405 136617 130688 124660 118568 112461 106356 100298 94316 88439 82693 77105 71693 66473 61462 56676 52122 47805 43734 39910 36336 33011 29932 27097 24500 22135 20001 18085 16382 14890 13598 12502 11598 10880 10347 9992 9812 
10854 11050 11444 12036 12828 13826 15038 16465 18118 19998 22118 24478 27095 29966 33103 36506 40182 44136 48359 52860 57633 62671 67965 73502 79273 85256 91437 97788 104284 110894 117595 124335 131096 137826 144492 151043 157444 163647 169608 175284 180630 185610 190181 194308 197956 201100 203708 205759 207234 208124 208424 208123 207233 205756 203705 201095 197955 194306 190180 185609 180629 175281 169609 163646 157444 151044 144491 137827 131094 124335 117592 110897 104282 97786 91434 85256 79272 73500 67963 62669 57634 52862 48359 44134 40184 36506 33102 29968 27097 24481 22117 19999 18117 16468 15037 13827 12827 12035 11446 11050 10854 
12017 12234 12667 13323 14201 15307 16645 18227 20051 22136 24481 27096 29991 33168 36638 40404 44471 48846 53522 58501 63782 69350 75210 81337 87722 94346 101183 108210 115399 122712 130121 137584 145064 152510 159884 167132 174214 181076 187671 193948 199866 205374 210431 214998 219033 222509 225394 227660 229297 230281 230614 230285 229298 227662 225395 222510 219035 214996 210433 205376 199866 193949 187670 181076 174215 167132 159883 152513 145063 137585 130120 122712 115396 108211 101181 94343 87725 81338 75210 69353 63778 58500 53522 48843 44470 40405 36637 33166 29988 27095 24481 22134 20054 18226 16646 15305 14200 13323 12668 12233 12016 
13304 13542 14022 14746 15717 16943 18426 20176 22197 24500 27096 29990 33188 36705 40547 44713 49215 54053 59227 64738 70581 76747 83225 90007 97071 104400 111963 119740 127692 135785 143980 152239 160513 168754 176908 184929 192765 200356 207651 214596 221143 227235 232832 237886 242347 246194 249383 251893 253702 254790 255159 254794 253703 251894 249383 246194 242347 237881 232831 227235 221142 214599 207651 200355 192763 184931 176911 168755 160512 152241 143982 135785 127690 119739 111962 104398 97073 90009 83229 76747 70580 64740 59231 54051 49220 44715 40547 36707 33192 29988 27093 24499 22196 20174 18423 16941 15718 14746 14021 13542 13303 
14715 14979 15511 16312 17386 18741 20380 22317 24550 27097 29967 33169 36706 40594 44839 49450 54430 59775 65496 71591 78051 84869 92034 99530 107341 115442 123804 132402 141196 150143 159204 168335 177483 186591 195609 204476 213138 221533 229596 237275 244514 251250 257437 263020 267956 272209 275734 278509 280509 281716 282118 281714 280507 278511 275734 272206 267956 263018 257434 251250 244512 237276 229597 221532 213140 204477 195609 186594 177483 168336 159206 150144 141196 132401 123807 115443 107341 99533 92033 84868 78050 71591 65499 59776 54428 49448 44838 40596 36706 33166 29969 27098 24550 22311 20378 18742 17386 16314 15512 14981 14715 
16258 16551 17136 18024 19207 20703 22513 24650 27118 29935 33103 36637 40545 44840 49531 54621 60119 66024 72343 79072 86206 93736 101649 109927 118554 127498 136735 146227 155935 165820 175827 185907 196007 206066 216028 225817 235379 244646 253552 262033 270024 277461 284292 290458 295908 300602 304495 307561 309771 311100 311545 311098 309769 307560 304498 300602 295910 290458 284292 277463 270022 262036 253553 244648 235381 225816 216024 206066 196009 185909 175825 165819 155938 146227 136734 127497 118550 109927 101648 93733 86204 79071 72343 66024 60118 54618 49530 44840 40547 36634 33100 29932 27118 24649 22513 20704 19207 18021 17135 16548 16257 
17932 18253 18901 19877 21185 22833 24831 27185 29910 33014 36506 40404 44713 49450 54621 60234 66294 72806 79778 87196 95061 103360 112084 121212 130722 140584 150772 161233 171938 182834 193867 204981 216114 227203 238184 248978 259522 269737 279553 288903 297712 305914 313441 320239 326251 331424 335718 339097 341532 342998 343488 342998 341530 339096 335717 331424 326249 320240 313445 305917 297714 288905 279557 269738 259523 248978 238181 227203 216116 204982 193865 182832 171938 161234 150769 140583 130723 121213 112084 103359 95060 87194 79774 72808 66292 60231 54618 49450 44716 40402 36506 33011 29907 27185 24829 22832 21185 19875 18899 18252 17931 
19740 20092 20806 21880 23321 25134 27334 29924 32924 36339 40182 44473 49215 54429 60116 66292 72963 80131 87798 95964 104619 113752 123353 133399 143864 154717 165922 177437 189218 201206 213345 225574 237830 250030 262110 273987 285593 296832 307633 317920 327614 336636 344918 352399 359011 364704 369429 373144 375823 377441 377980 377441 375825 373147 369429 364705 359015 352398 344920 336634 327612 317920 307635 296831 285588 273988 262107 250028 237827 225576 213347 201206 189219 177438 165923 154718 143862 133398 123353 113752 104618 95963 87798 80131 72963 66295 60116 54426 49215 44470 40181 36338 32922 29923 27333 25134 23320 21880 20808 20094 19739 
21684 22074 22856 24035 25616 27609 30023 32869 36160 39910 44134 48844 54052 59776 66024 72806 80132 88002 96422 105388 114890 124924 135463 146495 157984 169904 182206 194850 207784 220948 234278 247705 261160 274555 287818 300862 313601 325942 337803 349098 359739 369649 378744 386956 394218 400465 405651 409735 412673 414447 415040 414449 412676 409734 405653 400465 394219 386954 378746 369646 359739 349097 337805 325944 313597 300863 287818 274558 261159 247708 234278 220948 207783 194850 182207 169902 157984 146494 135465 124923 114892 105385 96423 88003 80132 72805 66025 59774 54052 48842 44133 39912 36162 32868 30021 27608 25615 24036 22854 22073 21683 
23764 24191 25048 26339 28071 30255 32899 36019 39623 43732 48361 53521 59228 65497 72344 79775 87797 96422 105648 115469 125881 136871 148416 160501 173090 186144 199623 213475 227641 242061 256667 271376 286113 300789 315316 329605 343557 357083 370072 382444 394100 404957 414917 423914 431866 438713 444393 448862 452084 454029 454678 454029 452084 448862 444393 438712 431865 423913 414916 404954 394101 382441 370071 357077 343555 329607 315316 300787 286113 271378 256666 242063 227642 213476 199622 186146 173090 160501 148418 136869 125881 115469 105646 96423 87797 79775 72345 65501 59228 53519 48360 43738 39628 36019 32900 30253 28072 26339 25046 24190 23763 
25976 26445 27381 28793 30685 33072 35962 39373 43314 47805 52861 58503 64739 71593 79072 87193 95963 105389 115470 126201 137581 149590 162210 175416 189173 203437 218167 233303 248782 264547 280503 296577 312681 328718 344596 360209 375453 390228 404426 417945 430681 442542 453431 463259 471947 479430 485639 490523 494043 496167 496878 496168 494043 490525 485640 479433 471950 463259 453429 442544 430682 417945 404426 390227 375454 360208 344596 328718 312678 296577 280503 264544 248786 233303 218167 203437 189170 175417 162210 149591 137583 126201 115469 105389 95962 87194 79071 71591 64739 58499 52861 47804 43313 39372 35963 33075 30685 28794 27380 26445 25975 
28323 28835 29855 31395 33459 36061 39211 42929 47222 52120 57631 63780 70580 78049 86206 95059 104619 114892 125881 137582 149983 163073 176831 191229 206225 221771 237827 254325 271200 288377 305770 323290 340843 358323 375628 392647 409262 425365 440844 455578 469460 482385 494253 504965 514438 522593 529360 534683 538517 540833 541606 540832 538517 534685 529358 522590 514440 504965 494253 482386 469463 455579 440843 425368 409263 392646 375628 358322 340841 323291 305769 288377 271198 254324 237826 221769 206219 191224 176831 163074 149985 137579 125882 114893 104618 95057 86205 78051 70580 63780 57633 52120 47223 42926 39211 36060 33456 31392 29856 28834 28328 
30804 31358 32468 34139 36385 39215 42640 46680 51354 56674 62668 69354 76746 84869 93734 103358 113754 124922 136868 149594 163074 177305 192262 207912 224213 241118 258572 276511 294856 313528 332436 351486 370565 389569 408382 426882 444946 462451 479274 495294 510386 524437 537337 548980 559277 568141 575497 581285 585456 587971 588813 587970 585453 581285 575498 568140 559280 548980 537334 524434 510386 495295 479275 462452 444944 426879 408382 389570 370566 351484 332437 313532 294853 276509 258574 241117 224212 207911 192261 177307 163073 149589 136871 124925 113756 103362 93732 84867 76746 69354 62670 56674 51351 46681 42642 39215 36385 34141 32469 31357 30805 
33409 34008 35213 37029 39462 42528 46244 50626 55694 61461 67961 75212 83227 92033 101648 112086 123354 135466 148419 162211 176831 192262 208480 225446 243121 261450 280374 299822 319712 339959 360458 381110 401798 422401 442800 462854 482438 501419 519656 537023 553386 568621 582607 595232 606394 616001 623977 630255 634774 637503 638415 637502 634773 630255 623979 616002 606394 595231 582606 568620 553386 537025 519657 501417 482439 462855 442796 422401 401796 381109 360462 339958 319712 299823 280373 261451 243121 225446 208480 192262 176827 162211 148418 135465 123353 112084 101647 92035 83226 75210 67961 61464 55690 50626 46245 42529 39460 37027 35213 34010 33409 
36136 36785 38086 40046 42679 45999 50015 54755 60232 66471 73500 81338 90007 99529 109929 121213 133397 146495 160502 175414 191225 207911 225444 243791 262902 282721 303185 324212 345719 367612 389777 412105 434472 456751 478805 500489 521665 542189 561908 580684 598378 614848 629967 643617 655689 666077 674699 681484 686374 689323 690307 689322 686372 681483 674701 666080 655690 643616 629966 614845 598378 580684 561910 542187 521665 500489 478805 456752 434475 412107 389778 367610 345726 324218 303184 282722 262903 243791 225445 207910 191223 175415 160503 146493 133399 121213 109926 99531 90006 81336 73501 66472 60231 54754 50016 45999 42683 40048 38087 36784 36135 
38978 39673 41079 43196 46035 49613 53945 59056 64961 71691 79271 87723 97072 107339 118552 130722 143862 157985 173091 189170 206219 224213 243120 262902 283512 304882 326945 349620 372813 396416 420315 444396 468512 492533 516311 539694 562527 584653 605919 626164 645236 662995 679303 694020 707035 718235 727536 734849 740119 743300 744362 743298 740119 734851 727535 718240 707034 694022 679301 662998 645238 626163 605917 584653 562524 539694 516312 492533 468514 444393 420316 396416 372814 349622 326945 304882 283510 262901 243120 224214 206220 189172 173090 157985 143863 130723 118553 107342 97072 87723 79273 71693 64965 59054 53945 49610 46036 43195 41079 39675 38977 
41923 42672 44182 46460 49513 53359 58018 63516 69869 77106 85256 94343 104399 115442 127498 140586 154718 169902 186144 203437 221773 241119 261449 282720 304882 327862 351589 375973 400906 426287 451992 477877 503811 529638 555206 580348 604899 628693 651558 673326 693834 712930 730462 746287 760282 772325 782324 790190 795854 799274 800417 799273 795852 790189 782325 772328 760281 746290 730463 712931 693833 673325 651557 628693 604900 580349 555206 529640 503813 477877 451989 426287 400908 375972 351591 327864 304883 282723 261451 241118 221770 203438 186145 169902 154715 140584 127499 115443 104398 94347 85256 77110 69869 63513 58019 53360 49511 46459 44184 42675 41921 
44965 45773 47391 49834 53107 57229 62227 68119 74933 82694 91436 101181 111961 123807 136735 150768 165922 182205 199623 218168 237827 258573 280375 303185 326945 351590 377030 403174 429914 457126 484687 512445 540253 567948 595364 622320 648646 674154 698673 722015 744004 764479 783276 800245 815250 828166 838885 847317 853392 857059 858284 857058 853393 847316 838884 828167 815248 800245 783277 764480 744005 722015 698672 674158 648646 622319 595362 567950 540256 512447 484686 457127 429913 403174 377029 351590 326946 303187 280374 258572 237828 218169 199624 182205 165921 150767 136736 123806 111964 101183 91437 82695 74931 68122 62229 57231 53106 49831 47390 45774 44965 
48091 48957 50690 53296 56797 61211 66555 72857 80139 88440 97789 108209 119740 132402 146226 161234 177438 194850 213475 233304 254323 276510 299823 324214 349622 375973 403175 431128 459721 488819 518289 547970 577700 607313 636623 665452 693599 720876 747086 772044 795558 817451 837550 855692 871733 885543 897006 906022 912517 916437 917747 916438 912515 906020 897003 885543 871735 855693 837552 817452 795559 772046 747087 720877 693598 665452 636625 607313 577700 547968 518286 488817 459721 431130 403174 375971 349621 324213 299824 276512 254326 233304 213476 194848 177437 161232 146227 132400 119739 108209 97787 88439 80137 72853 66553 61209 56797 53297 50689 48955 48091 
51289 52210 54057 56842 60575 65277 70974 77694 85466 94317 104284 115399 127692 141193 155936 171937 189217 207785 227640 248788 271200 294855 319714 345722 372814 400906 429913 459722 490208 521230 552649 584297 615998 647573 678826 709561 739573 768654 796604 823212 848283 871627 893055 912400 929503 944227 956448 966058 972985 977165 978560 977164 972982 966059 956446 944228 929502 912400 893055 871625 848288 823212 796601 768659 739576 709561 678829 647574 616000 584299 552651 521233 490206 459722 429913 400905 372812 345719 319714 294858 271201 248789 227643 207781 189217 171937 155938 141195 127689 115399 104283 94317 85466 77695 70976 65279 60573 56842 54059 52212 51289 
54548 55523 57491 60448 64418 69421 75479 82624 90889 100297 110895 122713 135786 150144 165819 182833 201206 220946 242064 264545 288378 313529 339958 367611 396416 426290 457129 488818 521233 554220 587626 621273 654979 688549 721780 754452 786362 817283 846998 875287 901944 926761 949543 970109 988295 1003947 1016943 1027161 1034524 1038970 1040453 1038968 1034525 1027162 1016942 1003950 988294 970109 949544 926761 901943 875289 846996 817283 786364 754454 721780 688550 654982 621272 587626 554221 521233 488820 457128 426289 396415 367609 339956 313529 288378 264545 242063 220949 201206 182832 165818 150144 135785 122713 110893 100298 90885 82624 75480 69420 64416 60446 57489 55525 54546 
57843 58882 60966 64101 68314 73619 80040 87615 96375 106354 117591 130123 143981 159207 175825 193868 213347 234275 256665 280503 305770 332437 360456 389774 420317 451990 484686 518286 552652 587624 623042 658715 694450 730041 765270 799912 833744 866523 898025 928020 956281 982589 1006742 1028547 1047831 1064420 1078198 1089031 1096837 1101549 1103123 1101550 1096838 1089033 1078196 1064420 1047827 1028546 1006743 982591 956280 928019 898025 866522 833741 799915 765272 730040 694450 658716 623043 587624 552653 518287 484685 451990 420317 389779 360462 332435 305769 280501 256665 234278 213347 193865 175823 159208 143982 130123 117589 106354 96374 87617 80041 73617 68313 64101 60962 58882 57844 
61169 62264 64465 67784 72233 77842 84634 92642 101904 112456 124335 137587 152241 168337 185908 204981 225575 247704 271376 296580 323292 351483 381111 412105 444393 477879 512446 547968 584299 621270 658713 696427 734207 771833 809081 845704 881465 916122 949425 981131 1011008 1038823 1064357 1087409 1107790 1125332 1139894 1151349 1159603 1164582 1166247 1164583 1159603 1151349 1139895 1125334 1107790 1087409 1064357 1038822 1011010 981133 949424 916120 881464 845705 809082 771835 734207 696428 658714 621271 584296 547966 512446 477876 444393 412106 381109 351485 323290 296576 271376 247706 225574 204978 185906 168337 152238 137584 124336 112458 101906 92648 84634 77845 72236 67785 64469 62263 61167 
64496 65653 67972 71471 76163 82076 89237 97682 107445 118572 131098 145063 160513 177483 196006 216114 237827 261160 286111 312680 340842 370566 401798 434474 468513 503814 540253 577701 616003 654980 694451 734211 774036 813699 852963 891570 929273 965804 1000911 1034339 1065833 1095152 1122070 1146375 1167857 1186351 1201701 1213776 1222475 1227727 1229479 1227726 1222475 1213774 1201701 1186353 1167855 1146370 1122072 1095154 1065835 1034339 1000913 965802 929269 891570 852962 813698 774038 734210 694452 654979 616000 577700 540253 503813 468512 434473 401796 370566 340843 312678 286114 261158 237827 216117 196007 177482 160512 145062 131095 118571 107448 97682 89239 82075 76164 71470 67972 65653 64498 
67810 69028 71471 75144 80077 86294 93823 102700 112963 124658 137828 152511 168751 186592 206066 227203 250028 274556 300788 328719 358324 389569 422403 456750 492532 529639 567947 607315 647576 688551 730042 771835 813699 855395 896667 937251 976884 1015287 1052190 1087328 1120432 1151253 1179549 1205091 1227677 1247118 1263254 1275946 1285092 1290609 1292454 1290609 1285091 1275945 1263253 1247119 1227677 1205090 1179549 1151255 1120433 1087325 1052191 1015287 976883 937251 896668 855396 813701 771833 730042 688551 647576 607315 567948 529641 492532 456752 422400 389572 358324 328719 300790 274557 250028 227205 206069 186589 168752 152509 137826 124659 112970 102699 93820 86295 80079 75146 71466 69027 67813 
71092 72373 74929 78781 83956 90470 98362 107667 118428 130686 144490 159882 176910 195610 216025 238183 262112 287819 315319 344597 375629 408380 442801 478804 516312 555207 595362 636626 678828 721778 765267 809075 852961 896668 939925 982468 1024008 1064261 1102946 1139775 1174477 1206781 1236441 1263215 1286887 1307266 1324178 1337480 1347068 1352853 1354784 1352854 1347069 1337479 1324176 1307265 1286887 1263213 1236440 1206784 1174475 1139776 1102946 1064261 1024011 982470 939925 896666 852961 809079 765271 721780 678826 636627 595363 555209 516310 478803 442797 408381 375629 344595 315320 287820 262109 238183 216024 195610 176909 159880 144489 130688 118430 107667 98362 90468 83951 78782 74929 72370 71094 
74319 75655 78332 82359 87766 94574 102826 112554 123804 136614 151045 167133 184931 204478 225818 248977 273991 300861 329607 360209 392646 426880 462852 500488 539694 580348 622321 665451 709562 754456 799913 845702 891573 937253 982468 1026934 1070349 1112422 1152857 1191352 1227620 1261386 1292385 1320371 1345114 1366411 1384089 1397996 1408012 1414059 1416081 1414059 1408013 1397992 1384087 1366412 1345115 1320372 1292386 1261387 1227620 1191350 1152858 1112425 1070348 1026932 982468 937253 891571 845704 799914 754454 709563 665451 622321 580352 539693 500489 462852 426878 392647 360208 329606 300865 273988 248978 225816 204477 184930 167137 151044 136619 123802 112551 102826 94575 87767 82359 78331 75655 74324 
77478 78864 81653 85852 91488 98585 107185 117325 129047 142406 157445 174216 192766 213140 235378 259521 285586 313598 343557 375458 409261 444944 482437 521665 562526 604900 648646 693598 739572 786363 833744 881464 929269 976883 1024007 1070348 1115600 1159453 1201592 1241714 1279516 1314708 1347014 1376181 1401968 1424165 1442590 1457082 1467522 1473825 1475931 1473825 1467526 1457082 1442587 1424167 1401969 1376180 1347016 1314708 1279513 1241711 1201594 1159454 1115603 1070350 1024008 976881 929272 881466 833741 786364 739575 693600 648645 604899 562527 521666 482441 444943 409262 375453 343556 313598 285588 259520 235378 213139 192764 174214 157442 142406 129049 117324 107183 98585 91487 85853 81653 78865 77477 
80534 81974 84874 89240 95095 102472 111412 121948 134133 148013 163649 181078 200354 221532 244645 269739 296830 325944 357079 390231 425368 462450 501418 542190 584655 628692 674156 720875 768659 817284 866523 916121 965803 1015286 1064262 1112424 1159455 1205025 1248819 1290516 1329801 1366376 1399950 1430261 1457062 1480132 1499278 1514341 1525190 1531739 1533930 1531739 1525193 1514340 1499278 1480132 1457061 1430264 1399950 1366377 1329803 1290516 1248819 1205028 1159454 1112423 1064260 1015282 965804 916121 866524 817283 768656 720877 674157 628694 584655 542187 501421 462451 425369 390229 357078 325943 296831 269737 244647 221530 200355 181076 163647 148016 134134 121947 111408 102472 95092 89239 84875 81977 80531 
83469 84970 87966 92490 98563 106211 115474 126392 139027 153407 169606 187670 207649 229596 253552 279555 307633 337804 370073 404428 440841 479274 519657 561904 605917 651556 698673 747088 796603 846998 898027 949424 1000912 1052190 1102943 1152857 1201592 1248819 1294202 1337413 1378125 1416027 1450822 1482234 1510006 1533912 1553752 1569363 1580608 1587393 1589661 1587394 1580610 1569363 1553751 1533911 1510005 1482232 1450821 1416027 1378123 1337411 1294204 1248822 1201593 1152858 1102945 1052189 1000915 949426 898027 846996 796602 747089 698670 651556 605916 561909 519657 479273 440843 404426 370073 337807 307633 279555 253552 229598 207648 187673 169609 153409 139022 126392 115474 106206 98559 92491 87966 84967 83468 
86264 87812 90913 95589 101862 109765 119337 130623 143675 158541 175282 193950 214600 237278 262033 288906 317920 349098 382444 417945 455578 495292 537025 580683 626163 673324 722011 772046 823213 875286 928019 981133 1034337 1087328 1139775 1191351 1241714 1290517 1337413 1382062 1424134 1463299 1499254 1531714 1560413 1585115 1605619 1621750 1633370 1640380 1642724 1640380 1633368 1621750 1605617 1585114 1560412 1531711 1499254 1463298 1424132 1382063 1337412 1290515 1241711 1191348 1139774 1087325 1034339 981131 928019 875290 823212 772047 722013 673328 626162 580682 537024 495291 455576 417946 382444 349099 317920 288902 262033 237281 214596 193948 175281 158543 143675 130622 119339 109766 101862 95588 90915 87811 86266 
88901 90492 93691 98508 104972 113116 122979 134612 148060 163380 180630 199866 221145 244512 270021 297713 327612 359740 394102 430684 469462 510384 553386 598376 645238 693836 744004 795561 848285 901942 956279 1011009 1065835 1120434 1174477 1227622 1279513 1329799 1378124 1424132 1467482 1507839 1544887 1578333 1607908 1633359 1654486 1671110 1683079 1690303 1692720 1690304 1683080 1671104 1654483 1633360 1607904 1578333 1544886 1507840 1467479 1424131 1378126 1329802 1279512 1227620 1174477 1120434 1065834 1011009 956279 901947 848282 795560 744004 693835 645238 598375 553387 510386 469461 430683 394103 359739 327612 297713 270024 244514 221142 199865 180628 163382 148061 134611 122980 113115 104971 98507 93690 90493 88899 
91353 92991 96275 101226 107870 116236 126372 138322 152142 167886 185609 205374 227235 251249 277462 305918 336636 369649 404953 442544 482387 524435 568621 614846 662999 712932 764483 817451 871627 926760 982590 1038824 1095153 1151254 1206785 1261386 1314705 1366377 1416029 1463297 1507840 1549306 1587370 1621735 1652120 1678274 1699978 1717055 1729358 1736782 1739264 1736784 1729358 1717056 1699980 1678275 1652118 1621735 1587368 1549304 1507840 1463296 1416028 1366375 1314706 1261388 1206782 1151253 1095155 1038823 982590 926761 871624 817451 764483 712934 662999 614847 568618 524437 482389 442541 404952 369648 336638 305916 277465 251251 227235 205375 185610 167882 152141 138323 126373 116239 107869 101227 96276 92992 91352 
93604 95285 98651 103722 110528 119099 129484 141730 155890 172019 190181 210430 232828 257435 284292 313443 344921 378743 414917 453432 494253 537335 582605 629966 679301 730462 783277 837549 893053 949543 1006742 1064358 1122075 1179549 1236443 1292385 1347013 1399950 1450820 1499257 1544887 1587370 1626371 1661581 1692708 1719505 1741744 1759240 1771848 1779450 1781993 1779452 1771842 1759239 1741744 1719505 1692709 1661581 1626370 1587370 1544892 1499257 1450822 1399951 1347016 1292386 1236442 1179547 1122069 1064358 1006743 949543 893054 837547 783279 730462 679299 629970 582606 537334 494252 453432 414916 378742 344919 313441 284293 257436 232831 210432 190178 172020 155890 141734 129486 119103 110529 103723 98647 95284 93606 
95638 97354 100794 105976 112930 121688 132297 144807 159273 175752 194308 214996 237883 263019 290458 320241 352400 386954 423912 463258 504967 548983 595230 643617 694021 746289 800247 855695 912400 970110 1028549 1087409 1146372 1205093 1263215 1320369 1376181 1430260 1482233 1531712 1578333 1621737 1661579 1697548 1729350 1756726 1779448 1797320 1810200 1817969 1820569 1817968 1810199 1797321 1779447 1756727 1729352 1697552 1661579 1621735 1578334 1531713 1482233 1430261 1376180 1320371 1263215 1205092 1146370 1087407 1028548 970112 912397 855695 800247 746286 694020 643620 595230 548981 504965 463259 423911 386955 352400 320240 290460 263018 237880 214997 194306 175753 159272 144810 132295 121687 112927 105973 100793 97355 95640 
97437 99184 102687 107968 115053 123975 134786 147529 162264 179056 197958 219035 242350 267958 295910 326250 359014 394216 431865 471947 514437 559278 606394 655686 707032 760283 815252 871734 929502 988295 1047826 1107790 1167856 1227677 1286887 1345112 1401967 1457062 1510004 1560413 1607904 1652119 1692708 1729350 1761750 1789638 1812783 1830991 1844109 1852026 1854673 1852024 1844108 1830992 1812783 1789637 1761747 1729353 1692709 1652119 1607905 1560411 1510007 1457065 1401968 1345114 1286888 1227676 1167854 1107788 1047825 988294 929502 871735 815248 760282 707036 655691 606394 559279 514436 471950 431866 394216 359010 326251 295909 267956 242349 219032 197955 179054 162263 147531 134784 123975 115051 107966 102687 99185 97438 
98986 100763 104322 109684 116877 125942 136923 149870 164839 181896 201097 222508 246191 272206 300602 331425 364708 400468 438712 479430 522591 568140 616003 666079 718236 772326 828166 885546 944227 1003949 1064420 1125332 1186350 1247117 1307265 1366412 1424166 1480133 1533912 1585115 1633358 1678272 1719507 1756726 1789638 1817966 1841477 1859975 1873298 1881341 1884028 1881339 1873298 1859975 1841478 1817965 1789639 1756727 1719504 1678274 1633361 1585114 1533912 1480129 1424165 1366412 1307265 1247117 1186349 1125333 1064423 1003950 944227 885545 828166 772326 718237 666080 616005 568140 522593 479434 438711 400465 364704 331422 300605 272206 246192 222509 201097 181895 164838 149871 136925 125943 116876 109682 104318 100761 98987 
100271 102069 105673 111105 118394 127577 138698 151814 166978 184254 203706 225392 249383 275737 304497 335717 369431 405653 444392 485638 529357 575496 623979 674701 727534 782325 838885 897005 956448 1016940 1078195 1139895 1201700 1263251 1324175 1384089 1442588 1499278 1553752 1605619 1654484 1699979 1741746 1779446 1812783 1841479 1865293 1884027 1897525 1905671 1908394 1905669 1897526 1884031 1865293 1841479 1812783 1779447 1741744 1699978 1654486 1605616 1553754 1499277 1442589 1384087 1324175 1263252 1201702 1139896 1078194 1016940 956447 897005 838885 782323 727536 674704 623982 575498 529358 485643 444392 405653 369427 335720 304498 275733 249383 225395 203705 184252 166979 151813 138698 127575 118394 111105 105674 102068 100270 
101279 103098 106737 112225 119587 128863 140095 153343 168662 186108 205754 227661 251895 278511 307563 339096 373145 409733 448864 490526 534682 581285 630252 681485 734848 790188 847317 906021 966059 1027162 1089031 1151352 1213775 1275946 1337482 1397995 1457083 1514337 1569362 1621747 1671103 1717055 1759241 1797322 1830991 1859973 1884026 1902951 1916586 1924811 1927561 1924812 1916583 1902951 1884027 1859974 1830991 1797320 1759239 1717056 1671109 1621748 1569361 1514340 1457083 1397995 1337481 1275943 1213774 1151351 1089030 1027161 966059 906021 847323 790191 734850 681484 630256 581286 534683 490527 448866 409734 373145 339097 307560 278510 251894 227663 205756 186110 168660 153343 140097 128864 119588 112226 106740 103099 101281 
102007 103836 107505 113033 120447 129788 141104 154443 169871 187447 207231 229296 253703 280507 309768 341532 375825 412673 452085 494045 538518 585455 634778 686371 740118 795855 853392 912518 972984 1034527 1096836 1159602 1222475 1285091 1347069 1408014 1467523 1525192 1580608 1633369 1683080 1729358 1771843 1810197 1844110 1873298 1897527 1916586 1930317 1938600 1941373 1938601 1930317 1916584 1897526 1873298 1844112 1810198 1771845 1729358 1683079 1633369 1580608 1525191 1467526 1408013 1347068 1285088 1222476 1159602 1096839 1034523 972986 912515 853392 795855 740118 686373 634775 585456 538518 494044 452083 412673 375824 341533 309770 280507 253701 229296 207232 187446 169871 154444 141105 129791 120445 113034 107505 103838 102009 
102451 104284 107966 113519 120964 130348 141712 155111 170604 188253 208124 230284 254794 281715 311101 342999 377440 414448 454027 496167 540834 587973 637504 689321 743299 799272 857060 916436 977162 1038972 1101549 1164582 1227726 1290609 1352853 1414058 1473824 1531742 1587394 1640380 1690305 1736785 1779451 1817968 1852025 1881342 1905670 1924812 1938603 1946922 1949704 1946921 1938598 1924812 1905673 1881340 1852027 1817968 1779451 1736784 1690304 1640381 1587395 1531739 1473827 1414058 1352853 1290609 1227725 1164583 1101547 1038967 977162 916437 857057 799274 743298 689322 637501 587970 540833 496167 454028 414446 377439 342997 311101 281715 254795 230284 208123 188251 170605 155112 141712 130348 120966 113523 107969 104286 102450 
102595 104436 108125 113682 121140 130537 141914 155333 170845 188521 208422 230613 255161 282118 311549 343489 377978 415043 454678 496877 541607 588813 638412 690309 744362 800416 858283 917748 978561 1040451 1103123 1166246 1229478 1292453 1354786 1416079 1475930 1533929 1589664 1642727 1692719 1739265 1781991 1820565 1854675 1884029 1908393 1927561 1941372 1949703 1952491 1949704 1941371 1927561 1908393 1884030 1854673 1820566 1781992 1739266 1692719 1642725 1589663 1533929 1475933 1416081 1354785 1292455 1229480 1166248 1103123 1040452 978561 917747 858284 800416 744362 690310 638414 588812 541605 496877 454676 415041 377981 343487 311547 282118 255158 230613 208424 188521 170851 155333 141915 130536 121142 113682 108124 104437 102597 
102449 104287 107969 113521 120966 130348 141712 155109 170603 188253 208124 230284 254793 281715 311102 342998 377442 414447 454027 496167 540834 587970 637499 689319 743297 799274 857061 916435 977164 1038965 1101547 1164582 1227726 1290611 1352852 1414060 1473826 1531740 1587393 1640380 1690304 1736783 1779452 1817966 1852025 1881339 1905670 1924810 1938602 1946920 1949704 1946921 1938601 1924812 1905669 1881343 1852025 1817967 1779450 1736783 1690304 1640381 1587395 1531740 1473826 1414058 1352852 1290608 1227725 1164584 1101547 1038966 977164 916436 857058 799273 743297 689323 637501 587969 540834 496168 454028 414448 377441 342996 311099 281714 254793 230286 208124 188250 170604 155108 141711 130347 120967 113518 107969 104285 102449 
102010 103840 107507 113035 120448 129787 141102 154444 169872 187444 207233 229298 253703 280508 309769 341532 375825 412673 452082 494042 538519 585455 634774 686372 740118 795853 853391 912519 972986 1034523 1096838 1159603 1222474 1285091 1347068 1408013 1467526 1525194 1580609 1633368 1683079 1729361 1771844 1810197 1844108 1873299 1897528 1916586 1930318 1938601 1941372 1938600 1930314 1916585 1897525 1873299 1844109 1810197 1771844 1729359 1683078 1633368 1580611 1525191 1467525 1408013 1347070 1285091 1222476 1159608 1096839 1034525 972983 912516 853395 795854 740117 686374 634776 585455 538520 494043 452083 412675 375826 341531 309772 280508 253703 229296 207234 187445 169870 154445 141106 129788 120447 113033 107507 103838 102009 
101282 103099 106740 112226 119588 128863 140098 153344 168660 186108 205754 227664 251894 278508 307561 339098 373148 409736 448864 490524 534684 581286 630254 681485 734847 790189 847319 906022 966060 1027164 1089029 1151354 1213776 1275946 1337483 1397994 1457081 1514338 1569363 1621748 1671107 1717054 1759239 1797320 1830991 1859972 1884027 1902952 1916587 1924811 1927561 1924812 1916589 1902953 1884029 1859973 1830994 1797320 1759241 1717056 1671104 1621749 1569362 1514340 1457084 1397996 1337483 1275945 1213772 1151351 1089030 1027159 966061 906021 847317 790187 734848 681485 630253 581284 534684 490524 448863 409733 373145 339096 307563 278512 251895 227664 205754 186110 168659 153346 140096 128863 119587 112225 106738 103096 101279 
100271 102069 105673 111104 118393 127576 138699 151813 166978 184253 203701 225394 249387 275734 304498 335716 369432 405653 444396 485639 529358 575500 623978 674702 727537 782324 838883 897005 956445 1016941 1078195 1139896 1201700 1263253 1324178 1384089 1442586 1499275 1553753 1605616 1654488 1699981 1741744 1779448 1812781 1841476 1865294 1884028 1897525 1905671 1908394 1905670 1897528 1884026 1865291 1841476 1812783 1779448 1741747 1699981 1654485 1605621 1553754 1499276 1442590 1384090 1324178 1263250 1201698 1139895 1078196 1016938 956444 897002 838886 782323 727535 674701 623979 575497 529358 485639 444394 405654 369428 335717 304500 275734 249384 225391 203703 184253 166977 151815 138700 127578 118394 111102 105673 102066 100270 
98986 100760 104319 109683 116881 125943 136921 149870 164843 181894 201097 222510 246193 272205 300601 331424 364708 400465 438711 479430 522592 568141 616003 666075 718236 772328 828165 885544 944226 1003948 1064421 1125335 1186350 1247118 1307263 1366412 1424166 1480130 1533912 1585115 1633359 1678271 1719505 1756726 1789636 1817964 1841479 1859973 1873299 1881340 1884028 1881343 1873299 1859975 1841478 1817966 1789638 1756726 1719506 1678273 1633358 1585117 1533910 1480132 1424166 1366411 1307267 1247115 1186351 1125332 1064422 1003948 944228 885545 828163 772327 718237 666079 616006 568142 522591 479428 438711 400463 364705 331424 300603 272206 246195 222510 201097 181896 164840 149870 136924 125945 116880 109681 104318 100760 98985 
97436 99182 102687 107968 115052 123973 134784 147527 162266 179053 197956 219034 242348 267957 295910 326249 359012 394216 431867 471949 514436 559280 606395 655686 707033 760282 815249 871735 929502 988293 1047827 1107790 1167854 1227677 1286887 1345114 1401968 1457064 1510006 1560412 1607904 1652121 1692708 1729353 1761753 1789636 1812784 1830992 1844109 1852025 1854672 1852026 1844109 1830990 1812784 1789639 1761752 1729352 1692709 1652121 1607904 1560412 1510004 1457064 1401970 1345114 1286887 1227677 1167860 1107789 1047826 988293 929503 871735 815250 760282 707038 655689 606394 559278 514439 471948 431864 394218 359012 326251 295912 267957 242350 219035 197956 179055 162267 147532 134783 123974 115049 107967 102687 99184 97437 
95640 97352 100794 105976 112928 121686 132296 144807 159273 175755 194307 214998 237880 263019 290460 320242 352400 386953 423912 463260 504965 548980 595232 643617 694020 746287 800247 855693 912401 970112 1028547 1087407 1146372 1205092 1263216 1320370 1376181 1430262 1482233 1531713 1578334 1621735 1661579 1697547 1729350 1756726 1779448 1797322 1810197 1817971 1820565 1817969 1810196 1797320 1779448 1756728 1729352 1697548 1661579 1621734 1578335 1531715 1482232 1430264 1376181 1320370 1263217 1205091 1146374 1087408 1028549 970107 912397 855692 800246 746288 694021 643619 595232 548980 504967 463260 423911 386953 352397 320242 290460 263021 237882 214997 194306 175753 159273 144808 132296 121688 112926 105976 100794 97354 95641 
93605 95284 98649 103723 110527 119101 129486 141732 155890 172020 190181 210430 232831 257434 284291 313441 344922 378743 414917 453430 494253 537335 582605 629966 679302 730460 783276 837549 893056 949545 1006743 1064357 1122071 1179546 1236440 1292384 1347014 1399953 1450823 1499254 1544886 1587370 1626371 1661579 1692708 1719503 1741743 1759240 1771842 1779451 1781991 1779450 1771847 1759239 1741743 1719505 1692709 1661577 1626372 1587372 1544887 1499255 1450822 1399950 1347013 1292387 1236441 1179549 1122071 1064357 1006744 949541 893052 837551 783277 730462 679303 629968 582604 537335 494254 453429 414917 378744 344921 313441 284293 257436 232831 210432 190179 172021 155891 141732 129487 119104 110527 103721 98651 95285 93605 
91354 92991 96278 101227 107867 116239 126375 138325 152140 167883 185607 205373 227238 251249 277461 305914 336635 369646 404954 442543 482385 524434 568619 614846 662998 712930 764484 817452 871626 926760 982590 1038823 1095153 1151251 1206779 1261385 1314706 1366375 1416026 1463298 1507836 1549305 1587370 1621733 1652117 1678274 1699979 1717054 1729358 1736784 1739263 1736783 1729358 1717054 1699980 1678271 1652119 1621737 1587371 1549305 1507837 1463298 1416025 1366375 1314708 1261386 1206782 1151255 1095152 1038823 982589 926762 871623 817449 764480 712932 663000 614845 568620 524436 482388 442544 404954 369649 336639 305914 277462 251250 227235 205374 185609 167886 152141 138322 126371 116237 107868 101225 96277 92994 91354 
88897 90491 93690 98507 104973 113117 122980 134611 148060 163379 180628 199865 221141 244510 270022 297713 327611 359741 394102 430685 469460 510384 553385 598375 645238 693835 744005 795558 848283 901944 956280 1011007 1065832 1120432 1174478 1227623 1279514 1329801 1378122 1424133 1467484 1507837 1544887 1578331 1607904 1633361 1654485 1671104 1683078 1690306 1692719 1690302 1683080 1671105 1654487 1633359 1607903 1578333 1544886 1507837 1467480 1424132 1378126 1329802 1279514 1227620 1174473 1120431 1065834 1011011 956278 901943 848282 795560 744005 693838 645237 598377 553387 510385 469461 430683 394102 359741 327614 297712 270025 244513 221144 199866 180630 163380 148060 134611 122980 113117 104974 98511 93691 90494 88900 
86264 87811 90913 95591 101861 109766 119336 130624 143674 158543 175283 193947 214598 237277 262035 288905 317919 349096 382446 417947 455577 495291 537022 580685 626163 673327 722011 772045 823213 875287 928019 981134 1034340 1087324 1139775 1191353 1241712 1290513 1337411 1382065 1424132 1463297 1499254 1531717 1560412 1585115 1605617 1621749 1633371 1640380 1642723 1640380 1633370 1621750 1605618 1585115 1560414 1531713 1499254 1463299 1424133 1382063 1337413 1290515 1241711 1191352 1139775 1087326 1034337 981133 928020 875287 823213 772043 722014 673324 626161 580684 537024 495292 455577 417947 382445 349100 317920 288904 262033 237276 214596 193949 175280 158542 143677 130624 119337 109765 101861 95589 90913 87811 86263 
83467 84965 87968 92494 98559 106208 115470 126394 139023 153408 169607 187669 207654 229595 253553 279557 307632 337806 370072 404427 440840 479274 519657 561908 605918 651555 698672 747086 796607 846997 898025 949426 1000915 1052190 1102945 1152856 1201592 1248820 1294203 1337414 1378125 1416030 1450822 1482233 1510006 1533915 1553754 1569362 1580607 1587395 1589661 1587395 1580607 1569360 1553754 1533913 1510004 1482233 1450823 1416025 1378127 1337414 1294203 1248818 1201591 1152855 1102946 1052188 1000912 949423 898026 846998 796602 747088 698674 651556 605916 561907 519658 479275 440842 404428 370072 337803 307634 279556 253552 229595 207651 187671 169607 153407 139020 126391 115472 106207 98560 92493 87967 84966 83470 
80529 81976 84872 89239 95093 102473 111411 121950 134134 148017 163646 181077 200355 221530 244648 269738 296828 325942 357079 390229 425369 462450 501419 542185 584653 628690 674156 720874 768654 817284 866523 916121 965805 1015288 1064267 1112424 1159452 1205026 1248818 1290516 1329800 1366375 1399950 1430263 1457064 1480130 1499277 1514339 1525191 1531739 1533930 1531740 1525191 1514340 1499278 1480130 1457061 1430263 1399951 1366375 1329803 1290517 1248820 1205025 1159456 1112426 1064264 1015284 965804 916123 866524 817281 768658 720875 674157 628694 584655 542187 501420 462451 425366 390232 357079 325941 296828 269738 244644 221531 200355 181075 163645 148014 134133 121948 111412 102472 95092 89236 84874 81976 80534 
77477 78865 81654 85854 91487 98587 107185 117326 129050 142406 157444 174214 192762 213139 235378 259521 285590 313598 343557 375453 409264 444944 482439 521667 562526 604901 648648 693598 739572 786362 833741 881465 929269 976883 1024007 1070349 1115603 1159455 1201592 1241712 1279515 1314704 1347015 1376182 1401967 1424164 1442590 1457084 1467523 1473825 1475933 1473825 1467524 1457081 1442589 1424165 1401968 1376183 1347015 1314708 1279517 1241712 1201592 1159452 1115601 1070352 1024007 976881 929273 881466 833742 786361 739572 693596 648645 604901 562527 521666 482440 444944 409262 375455 343558 313599 285588 259519 235380 213139 192764 174212 157444 142405 129049 117328 107186 98583 91487 85852 81655 78865 77479 
74323 75654 78329 82359 87762 94578 102826 112553 123802 136615 151043 167132 184931 204478 225815 248978 273987 300862 329605 360207 392646 426879 462850 500489 539692 580350 622322 665453 709561 754456 799913 845703 891569 937251 982468 1026933 1070351 1112426 1152857 1191351 1227623 1261386 1292387 1320371 1345114 1366412 1384088 1397997 1408014 1414059 1416081 1414058 1408014 1397997 1384090 1366417 1345113 1320371 1292388 1261387 1227621 1191351 1152855 1112425 1070349 1026932 982468 937253 891571 845701 799914 754454 709563 665452 622321 580353 539693 500489 462854 426879 392644 360207 329606 300864 273988 248977 225817 204477 184928 167133 151044 136616 123803 112553 102827 94576 87763 82361 78330 75655 74323 
71095 72368 74928 78783 83954 90469 98361 107668 118427 130689 144491 159885 176909 195610 216022 238181 262111 287818 315317 344594 375627 408379 442795 478802 516311 555208 595364 636627 678829 721780 765268 809080 852963 896666 939928 982467 1024010 1064262 1102945 1139773 1174475 1206783 1236440 1263215 1286887 1307264 1324178 1337482 1347067 1352854 1354785 1352851 1347066 1337483 1324177 1307265 1286888 1263216 1236442 1206781 1174476 1139779 1102945 1064262 1024009 982467 939925 896669 852965 809079 765270 721779 678827 636627 595364 555211 516308 478802 442797 408381 375629 344596 315318 287822 262108 238181 216023 195612 176910 159883 144491 130691 118430 107670 98363 90469 83956 78782 74929 72371 71093 
67813 69027 71466 75146 80077 86293 93825 102699 112966 124662 137826 152509 168751 186592 206065 227205 250028 274555 300790 328718 358324 389570 422401 456750 492534 529640 567945 607314 647576 688550 730040 771834 813699 855395 896669 937251 976882 1015286 1052190 1087326 1120431 1151252 1179547 1205093 1227678 1247117 1263254 1275949 1285090 1290609 1292451 1290607 1285090 1275943 1263250 1247118 1227676 1205092 1179547 1151253 1120432 1087325 1052190 1015288 976882 937251 896666 855395 813701 771836 730041 688550 647577 607315 567948 529641 492533 456752 422400 389569 358324 328719 300790 274558 250028 227202 206068 186591 168752 152511 137828 124659 112967 102702 93824 86295 80082 75145 71467 69027 67810 
64496 65653 67974 71473 76164 82077 89241 97684 107446 118570 131099 145065 160513 177484 196006 216112 237828 261160 286113 312680 340841 370567 401797 434473 468512 503812 540252 577701 616002 654982 694452 734208 774034 813699 852961 891571 929272 965804 1000913 1034337 1065835 1095153 1122071 1146371 1167857 1186350 1201700 1213774 1222476 1227724 1229482 1227726 1222475 1213776 1201700 1186350 1167858 1146373 1122073 1095154 1065833 1034339 1000912 965802 929272 891570 852962 813701 774033 734209 694447 654979 615999 577701 540254 503811 468511 434475 401797 370563 340842 312679 286112 261157 237828 216112 196006 177482 160512 145064 131096 118571 107445 97682 89238 82077 76166 71469 67973 65655 64496 
61167 62264 64466 67783 72235 77844 84636 92647 101907 112457 124339 137587 152239 168336 185906 204980 225575 247707 271379 296581 323291 351483 381108 412104 444395 477879 512447 547968 584298 621273 658715 696432 734209 771832 809079 845705 881465 916123 949426 981133 1011009 1038824 1064358 1087410 1107792 1125335 1139895 1151348 1159603 1164583 1166250 1164582 1159601 1151348 1139896 1125333 1107787 1087408 1064356 1038822 1011008 981133 949426 916122 881467 845703 809080 771834 734207 696429 658713 621274 584297 547965 512445 477878 444394 412105 381111 351487 323288 296578 271377 247706 225578 204981 185907 168337 152239 137586 124337 112457 101906 92645 84634 77845 72234 67785 64465 62262 61164 
57844 58883 60964 64101 68312 73615 80040 87615 96376 106355 117589 130124 143983 159207 175826 193865 213347 234278 256669 280504 305769 332437 360460 389778 420317 451990 484688 518289 552650 587624 623040 658717 694452 730042 765272 799912 833741 866524 898024 928019 956280 982589 1006743 1028548 1047826 1064422 1078194 1089031 1096835 1101551 1103124 1101549 1096836 1089032 1078198 1064420 1047825 1028546 1006742 982591 956279 928018 898026 866522 833744 799914 765272 730039 694449 658714 623039 587625 552651 518284 484685 451989 420318 389779 360461 332441 305770 280501 256665 234278 213348 193865 175827 159207 143983 130123 117591 106355 96377 87615 80041 73616 68312 64103 60966 58880 57842 
54546 55526 57487 60447 64418 69422 75480 82626 90886 100298 110895 122714 135787 150146 165817 182832 201205 220949 242063 264546 288377 313529 339960 367612 396417 426288 457127 488820 521233 554220 587626 621272 654979 688550 721777 754454 786362 817282 846999 875289 901946 926761 949543 970111 988296 1003949 1016941 1027160 1034524 1038969 1040455 1038970 1034525 1027162 1016941 1003950 988297 970110 949544 926763 901945 875291 846999 817285 786362 754455 721777 688549 654981 621274 587625 554221 521229 488819 457127 426288 396417 367610 339957 313528 288375 264545 242061 220947 201203 182832 165819 150142 135784 122712 110893 100298 90885 82624 75481 69422 64420 60449 57489 55524 54549 
51290 52212 54060 56839 60573 65277 70977 77696 85465 94315 104284 115396 127691 141194 155934 171937 189218 207783 227641 248787 271202 294859 319713 345721 372816 400908 429911 459722 490207 521232 552652 584299 616001 647574 678826 709564 739572 768655 796602 823210 848286 871626 893053 912399 929502 944228 956447 966059 972986 977164 978564 977164 972985 966059 956447 944226 929504 912400 893052 871628 848287 823215 796605 768656 739573 709560 678828 647576 616003 584302 552650 521232 490206 459720 429914 400908 372814 345722 319712 294854 271199 248787 227645 207787 189216 171938 155935 141194 127691 115396 104280 94316 85466 77694 70975 65279 60571 56840 54057 52210 51291 
48094 48954 50686 53297 56797 61209 66554 72854 80138 88439 97785 108209 119739 132403 146229 161231 177438 194851 213477 233305 254327 276510 299822 324211 349620 375971 403174 431128 459719 488817 518284 547966 577703 607313 636625 665451 693598 720874 747085 772045 795558 817452 837550 855692 871734 885543 897006 906020 912516 916437 917748 916435 912513 906021 897006 885545 871734 855691 837548 817449 795559 772045 747088 720873 693596 665450 636626 607315 577699 547966 518287 488822 459720 431127 403175 375970 349620 324214 299822 276510 254322 233305 213474 194851 177438 161236 146227 132402 119741 108208 97785 88438 80139 72855 66553 61211 56797 53296 50685 48957 48092 
44962 45769 47391 49830 53105 57230 62229 68122 74934 82695 91436 101182 111963 123807 136736 150766 165920 182206 199623 218171 237827 258574 280374 303186 326947 351589 377030 403173 429914 457127 484687 512444 540253 567950 595362 622321 648646 674154 698672 722013 744007 764480 783277 800244 815249 828165 838882 847319 853391 857061 858283 857056 853393 847318 838883 828167 815250 800247 783280 764479 744005 722012 698670 674158 648648 622320 595362 567949 540253 512447 484688 457128 429913 403175 377029 351590 326949 303186 280375 258574 237825 218169 199622 182208 165924 150769 136736 123806 111963 101182 91436 82697 74934 68120 62229 57234 53104 49830 47391 45772 44963 
41920 42674 44183 46462 49512 53362 58023 63515 69870 77106 85256 94344 104402 115441 127496 140584 154716 169902 186142 203438 221771 241121 261449 282724 304881 327864 351592 375971 400908 426289 451990 477878 503812 529640 555206 580348 604899 628693 651555 673328 693837 712933 730463 746287 760281 772326 782323 790189 795854 799272 800416 799274 795853 790188 782323 772327 760280 746287 730464 712932 693838 673324 651555 628694 604900 580350 555210 529641 503811 477877 451990 426288 400908 375972 351590 327864 304881 282723 261450 241118 221773 203439 186143 169901 154718 140584 127497 115443 104397 94349 85255 77108 69867 63514 58020 53360 49513 46461 44186 42674 41924 
38975 39677 41079 43195 46035 49610 53944 59054 64962 71692 79271 87722 97075 107342 118551 130721 143865 157986 173089 189171 206220 224213 243119 262904 283513 304884 326947 349621 372814 396415 420318 444394 468510 492532 516312 539695 562525 584652 605917 626163 645236 662997 679299 694019 707033 718236 727536 734847 740119 743300 744364 743299 740117 734848 727533 718238 707033 694018 679301 662996 645237 626162 605917 584653 562525 539695 516311 492532 468511 444393 420318 396416 372812 349621 326947 304883 283512 262902 243120 224211 206221 189171 173089 157987 143863 130722 118553 107343 97073 87725 79271 71694 64963 59056 53945 49611 46035 43195 41080 39675 38976 
36137 36783 38086 40049 42681 45996 50016 54753 60230 66472 73503 81339 90006 99531 109927 121214 133398 146495 160501 175415 191225 207909 225447 243790 262902 282723 303185 324213 345721 367610 389778 412104 434475 456751 478802 500489 521665 542187 561907 580684 598375 614845 629968 643620 655687 666078 674702 681482 686371 689324 690309 689324 686371 681485 674698 666078 655687 643617 629967 614847 598375 580686 561906 542185 521666 500492 478805 456752 434473 412105 389778 367611 345726 324216 303187 282725 262902 243790 225444 207910 191225 175418 160502 146495 133399 121213 109928 99532 90008 81338 73501 66473 60233 54754 50019 45999 42680 40047 38084 36782 36136 
33409 34007 35213 37025 39463 42529 46246 50626 55691 61463 67960 75210 83228 92037 101648 112084 123352 135466 148416 162210 176828 192264 208479 225443 243120 261449 280375 299823 319715 339958 360460 381111 401798 422401 442797 462855 482440 501417 519656 537027 553388 568620 582605 595231 606394 616004 623980 630252 634775 637502 638415 637501 634775 630254 623979 616003 606394 595232 582605 568618 553386 537024 519658 501419 482437 462857 442798 422403 401799 381113 360458 339958 319714 299822 280376 261451 243118 225445 208479 192261 176830 162210 148419 135464 123352 112083 101649 92033 83224 75209 67963 61462 55691 50625 46245 42528 39462 37026 35212 34010 33408 
30802 31356 32467 34141 36386 39214 42641 46680 51354 56678 62671 69352 76746 84869 93737 103359 113751 124921 136866 149590 163073 177305 192263 207911 224214 241120 258575 276510 294857 313528 332439 351484 370566 389569 408382 426883 444946 462451 479273 495291 510385 524434 537334 548983 559279 568142 575496 581282 585455 587970 588811 587971 585456 581283 575498 568141 559277 548982 537337 524437 510385 495291 479273 462451 444944 426882 408382 389569 370563 351483 332435 313526 294856 276511 258573 241117 224213 207913 192262 177308 163075 149592 136870 124922 113754 103360 93733 84867 76748 69352 62668 56675 51353 46681 42639 39214 36385 34140 32467 31361 30804 
28325 28834 29853 31395 33458 36061 39212 42928 47225 52121 57633 63782 70586 78049 86206 95057 104619 114893 125883 137581 149984 163074 176830 191224 206218 221769 237824 254327 271203 288378 305773 323290 340843 358325 375630 392646 409264 425365 440841 455578 469462 482385 494252 504970 514439 522590 529358 534681 538516 540835 541606 540831 538518 534682 529359 522592 514437 504966 494252 482386 469461 455576 440843 425368 409263 392646 375631 358328 340844 323290 305769 288376 271204 254323 237826 221771 206218 191226 176830 163075 149983 137580 125877 114890 104615 95058 86204 78049 70580 63779 57630 52118 47224 42927 39213 36060 33459 31395 29856 28836 28325 
25976 26446 27380 28792 30686 33073 35963 39370 43313 47805 52861 58499 64740 71591 79071 87193 95964 105387 115471 126203 137578 149588 162209 175416 189170 203439 218169 233304 248785 264547 280503 296577 312680 328719 344597 360209 375453 390227 404427 417945 430684 442542 453430 463261 471951 479430 485639 490525 494043 496166 496877 496167 494043 490522 485638 479430 471950 463260 453430 442543 430684 417943 404428 390230 375454 360208 344596 328719 312681 296577 280501 264545 248786 233305 218169 203438 189170 175414 162211 149590 137579 126199 115467 105389 95963 87196 79071 71590 64738 58499 52862 47805 43313 39370 35962 33073 30686 28793 27381 26444 25975 
23762 24191 25046 26339 28070 30255 32897 36019 39625 43735 48364 53519 59227 65499 72344 79774 87799 96422 105646 115470 125882 136868 148419 160501 173086 186144 199623 213477 227641 242063 256665 271374 286112 300788 315316 329604 343558 357079 370073 382444 394101 404954 414918 423914 431865 438712 444393 448863 452086 454027 454677 454027 452086 448867 444394 438714 431866 423910 414918 404953 394100 382443 370072 357079 343559 329605 315319 300788 286111 271379 256666 242063 227641 213478 199625 186148 173089 160500 148417 136870 125879 115468 105647 96422 87799 79775 72342 65498 59228 53519 48362 43733 39624 36018 32901 30255 28070 26338 25045 24190 23766 
21683 22074 22856 24034 25616 27610 30023 32870 36160 39912 44135 48844 54055 59777 66024 72809 80134 88001 96421 105388 114891 124921 135463 146493 157982 169901 182207 194853 207785 220946 234277 247706 261158 274557 287819 300863 313599 325943 337803 349098 359743 369649 378744 386956 394217 400464 405653 409734 412674 414446 415040 414448 412676 409735 405654 400467 394214 386954 378743 369647 359739 349098 337806 325944 313602 300863 287819 274556 261158 247705 234277 220950 207786 194851 182205 169903 157983 146494 135464 124922 114892 105388 96424 88004 80130 72808 66026 59778 54054 48844 44134 39912 36161 32868 30022 27610 25619 24033 22854 22074 21684 
19740 20094 20809 21881 23321 25134 27334 29922 32920 36339 40183 44471 49213 54427 60116 66293 72963 80133 87801 95963 104620 113756 123354 133399 143863 154719 165922 177436 189215 201204 213347 225577 237826 250030 262107 273988 285587 296829 307633 317919 327614 336635 344920 352402 359014 364705 369431 373146 375824 377439 377980 377439 375823 373147 369430 364703 359012 352397 344921 336637 327612 317919 307635 296830 285586 273987 262108 250029 237827 225576 213345 201203 189216 177437 165924 154716 143863 133399 123355 113755 104616 95963 87801 80132 72963 66293 60117 54428 49218 44471 40184 36338 32924 29927 27333 25134 23321 21878 20804 20098 19740 
17931 18253 18904 19877 21184 22834 24830 27183 29907 33015 36507 40401 44712 49450 54622 60232 66293 72804 79774 87196 95056 103361 112085 121212 130721 140586 150769 161232 171937 182833 193867 204979 216112 227204 238182 248977 259521 269739 279558 288906 297713 305913 313442 320240 326249 331424 335718 339100 341528 342997 343490 342998 341531 339096 335718 331423 326253 320239 313444 305915 297713 288905 279557 269737 259520 248979 238184 227204 216113 204982 193869 182831 171936 161232 150767 140584 130722 121212 112084 103359 95058 87197 79774 72805 66293 60232 54619 49449 44713 40403 36506 33013 29910 27187 24831 22834 21187 19875 18899 18254 17929 
16255 16550 17135 18020 19206 20703 22513 24651 27120 29936 33102 36636 40547 44840 49530 54619 60115 66026 72343 79071 86207 93734 101651 109926 118553 127496 136733 146230 155936 165818 175826 185905 196006 206065 216023 225816 235375 244648 253554 262030 270021 277462 284294 290457 295908 300600 304497 307561 309770 311102 311548 311102 309769 307560 304496 300601 295910 290457 284293 277462 270022 262032 253555 244647 235379 225818 216023 206068 196005 185905 175828 165818 155937 146225 136735 127497 118551 109927 101649 93738 86203 79072 72343 66022 60115 54621 49530 44840 40545 36638 33104 29935 27119 24650 22514 20704 19209 18021 17135 16551 16258 
14716 14981 15512 16311 17385 18741 20379 22313 24551 27100 29968 33166 36704 40596 44839 49449 54428 59779 65498 71592 78052 84866 92033 99532 107341 115440 123808 132403 141194 150144 159206 168339 177483 186594 195610 204477 213137 221530 229597 237274 244512 251250 257434 263020 267960 272206 275733 278512 280507 281716 282118 281715 280507 278509 275733 272205 267954 263019 257436 251251 244513 237276 229597 221531 213137 204478 195610 186590 177483 168335 159206 150142 141193 132400 123808 115442 107342 99529 92032 84868 78050 71589 65497 59775 54428 49452 44840 40596 36706 33166 29966 27097 24551 22314 20379 18740 17384 16310 15514 14981 14715 
13303 13543 14023 14745 15720 16944 18426 20174 22197 24501 27095 29987 33189 36707 40546 44714 49216 54055 59229 64740 70581 76746 83228 90009 97069 104399 111963 119740 127690 135787 143982 152242 160512 168752 176908 184930 192762 200355 207652 214598 221142 227236 232832 237886 242347 246193 249383 251894 253702 254795 255159 254795 253703 251895 249384 246193 242347 237884 232833 227238 221145 214596 207653 200356 192765 184931 176912 168754 160510 152240 143984 135785 127687 119737 111964 104399 97074 90007 83227 76746 70577 64739 59231 54055 49216 44712 40549 36709 33192 29990 27097 24502 22197 20174 18425 16940 15719 14747 14022 13541 13306 
12015 12234 12669 13323 14202 15308 16648 18227 20056 22137 24480 27097 29989 33166 36637 40405 44472 48844 53520 58501 63779 69354 75208 81337 87721 94346 101181 108208 115396 122715 130121 137587 145064 152513 159882 167132 174213 181076 187671 193950 199866 205376 210431 214997 219032 222507 225392 227664 229297 230284 230611 230281 229297 227663 225394 222509 219035 214997 210431 205375 199865 193947 187669 181073 174213 167133 159883 152510 145064 137587 130120 122713 115396 108210 101183 94345 87724 81338 75208 69352 63779 58498 53520 48843 44472 40403 36637 33166 29988 27097 24481 22138 20057 18228 16648 15307 14202 13321 12666 12234 12016 
10856 11051 11444 12035 12828 13828 15038 16466 18118 19999 22116 24481 27094 29966 33103 36509 40184 44134 48362 52864 57634 62670 67964 73499 79271 85256 91434 97786 104286 110895 117591 124336 131095 137828 144488 151044 157445 163649 169607 175283 180630 185611 190180 194307 197955 201098 203704 205755 207232 208127 208422 208125 207232 205755 203704 201097 197955 194306 190180 185611 180630 175283 169605 163648 157442 151045 144491 137825 131094 124338 117593 110895 104284 97786 91435 85256 79272 73501 67962 62668 57632 52860 48361 44136 40183 36506 33101 29966 27097 24481 22118 19998 18119 16465 15039 13828 12827 12034 11442 11050 10855 
9814 9989 10345 10883 11598 12503 13595 14887 16379 18083 19998 22136 24500 27097 29932 33014 36339 39911 43734 47805 52121 56675 61464 66473 71693 77105 82695 88440 94314 100298 106356 112457 118572 124659 130688 136615 142406 148019 153408 158541 163382 167886 172020 175754 179054 181896 184258 186110 187445 188254 188523 188250 187446 186110 184255 181897 179054 175753 172021 167885 163381 158546 153408 148015 142406 136618 130687 124659 118570 112458 106357 100297 94320 88441 82695 77105 71692 66473 61463 56677 52122 47806 43735 39912 36339 33013 29933 27098 24504 22136 19997 18083 16385 14887 13594 12503 11598 10882 10350 9991 9817 
8888 9050 9370 9854 10504 11324 12317 13489 14838 16382 18116 20052 22196 24549 27118 29909 32922 36161 39625 43313 47225 51352 55693 60230 64964 69869 74935 80139 85463 90888 96378 101906 107446 112965 118429 123801 129048 134134 139020 143674 148057 152140 155890 159275 162267 164840 166981 168661 169872 170602 170848 170601 169869 168664 166979 164841 162268 159275 155891 152141 148057 143674 139022 134134 129048 123802 118429 112966 107446 101908 96376 90888 85464 80141 74933 69867 64963 60231 55691 51351 47224 43313 39624 36160 32923 29912 27119 24550 22196 20052 18116 16382 14839 13484 12316 11324 10507 9855 9371 9049 8889 
8075 8224 8515 8956 9547 10293 11192 12256 13487 14887 16465 18226 20174 22313 24647 27185 29927 32869 36017 39371 42926 46681 50626 54754 59052 63514 68121 72855 77695 82625 87618 92645 97684 102699 107668 112553 117323 121951 126393 130622 134611 138324 141731 144809 147530 149869 151813 153346 154447 155111 155334 155109 154444 153344 151812 149870 147528 144805 141731 138322 134612 130625 126395 121949 117330 112554 107669 102699 97683 92645 87615 82625 77694 72854 68120 63516 59052 54754 50625 46679 42927 39373 36018 32870 29925 27186 24652 22313 20174 18227 16466 14888 13486 12258 11192 10291 9548 8957 8515 8220 8077 
7375 7506 7774 8179 8716 9400 10221 11192 12316 13595 15036 16649 18424 20380 22514 24833 27336 30023 32900 35963 39213 42641 46244 50016 53944 58019 62228 66553 70976 75480 80040 84636 89239 93824 98364 102826 107186 111410 115469 119337 122982 126372 129487 132297 134784 136922 138698 140098 141103 141712 141915 141710 141102 140097 138702 136923 134780 132298 129487 126371 122979 119337 115469 111410 107187 102826 98361 93821 89237 84634 80040 75478 70976 66553 62228 58020 53945 50014 46246 42643 39211 35966 32900 30023 27334 24831 22514 20379 18426 16646 15038 13596 12317 11194 10220 9397 8717 8180 7776 7507 7373 
6781 6904 7148 7520 8014 8640 9398 10292 11323 12502 13829 15304 16943 18739 20700 22832 25133 27609 30253 33072 36060 39215 42528 45998 49612 53359 57231 61209 65277 69419 73615 77844 82078 86295 90470 94576 98588 102475 106209 109764 113117 116237 119104 121686 123974 125943 127577 128862 129788 130349 130534 130347 129790 128861 127577 125943 123975 121686 119102 116238 113114 109767 106209 102473 98586 94577 90470 86295 82079 77847 73614 69419 65277 61210 57232 53362 49613 45996 42530 39215 36061 33073 30255 27608 25133 22833 20701 18742 16943 15305 13829 12501 11325 10292 9396 8642 8013 7516 7148 6900 6780 
6291 6402 6632 6974 7433 8012 8718 9547 10506 11599 12828 14199 15720 17384 19206 21185 23323 25617 28071 30687 33460 36387 39461 42681 46036 49514 53106 56799 60571 64418 68312 72233 76164 80080 83954 87766 91486 95094 98560 101862 104975 107870 110526 112928 115051 116879 118396 119589 120446 120965 121141 120965 120447 119589 118395 116876 115050 112926 110527 107869 104971 101861 98559 95096 91488 87766 83952 80078 76163 72236 68314 64419 60574 56796 53105 49515 46035 42680 39462 36384 33460 30686 28072 25614 23320 21186 19209 17388 15719 14200 12829 11598 10505 9548 8717 8014 7434 6973 6631 6402 6290 
5899 6004 6219 6541 6976 7517 8178 8956 9856 10881 12035 13324 14746 16312 18021 19873 21880 24034 26338 28792 31394 34141 37028 40049 43197 46462 49831 53295 56841 60449 64100 67782 71472 75143 78779 82359 85850 89238 92492 95589 98508 101226 103724 105975 107966 109682 111105 112227 113031 113518 113681 113518 113033 112226 111106 109682 107966 105976 103723 101227 98508 95588 92493 89237 85853 82359 78782 75145 71471 67784 64103 60450 56839 53296 49833 46462 43199 40047 37028 34139 31394 28793 26337 24035 21880 19877 18021 16311 14748 13322 12036 10878 9854 8956 8177 7518 6974 6542 6220 6006 5900 
5607 5712 5914 6221 6631 7148 7778 8516 9371 10347 11442 12666 14021 15511 17136 18900 20806 22857 25045 27380 29856 32466 35212 38086 41080 44183 47391 50685 54057 57487 60963 64463 67975 71468 74926 78329 81649 84871 87966 90917 93692 96276 98652 100792 102687 104319 105671 106738 107505 107968 108124 107969 107507 106738 105672 104320 102689 100792 98651 96279 93692 90913 87969 84874 81652 78329 74925 71467 67972 64465 60964 57487 54059 50686 47392 44185 41080 38086 35212 32466 29854 27380 25049 22853 20805 18900 17135 15511 14022 12668 11443 10346 9372 8514 7775 7148 6631 6219 5914 5709 5608 
5416 5513 5708 6006 6402 6904 7511 8221 9048 9990 11050 12234 13543 14980 16549 18255 20093 22074 24187 26444 28833 31356 34011 36786 39673 42673 45774 48956 52211 55527 58881 62265 65652 69027 72367 75656 78863 81973 84964 87812 90493 92992 95284 97353 99186 100760 102070 103098 103836 104285 104434 104285 103839 103097 102069 100762 99185 97356 95284 92990 90494 87810 84968 81975 78863 75657 72369 69029 65651 62264 58882 55525 52212 48954 45770 42676 39676 36783 34007 31358 28835 26444 24189 22071 20092 18254 16548 14979 13543 12235 11051 9990 9051 8225 7508 6902 6401 6005 5709 5513 5415 
5321 5413 5608 5896 6289 6782 7376 8077 8887 9813 10856 12018 13303 14714 16257 17929 19738 21685 23764 25977 28324 30805 33408 36134 38974 41922 44966 48092 51293 54546 57843 61166 64494 67811 71094 74323 77475 80532 83466 86262 88900 91352 93606 95641 97439 98983 100271 101282 102011 102449 102595 102448 102010 101283 100270 98987 97439 95642 93606 91351 88900 86263 83468 80531 77475 74323 71094 67814 64495 61168 57846 54545 51291 48091 44963 41919 38974 36134 33410 30803 28324 25978 23761 21684 19741 17932 16257 14715 13301 12016 10856 9813 8888 8076 7375 6780 6289 5901 5609 5415 5320 