Parameters: 3 10 10 10 0.7
28606 55134 77588 94167 103408 104357 96710 80922 58200 30428 
55134 106260 149534 181486 199294 201126 186388 155959 112167 58644 
77588 149536 210427 255389 280447 283021 262286 219464 157838 82521 
94164 181486 255393 309948 340359 343481 318318 266349 191554 100150 
103408 199294 280448 340364 373760 377180 349545 292472 210344 109976 
104358 201126 283020 343485 377181 380634 352744 295149 212266 110981 
96714 186391 262287 318317 349548 352739 326891 273518 196708 102847 
80926 155959 219463 266345 292474 295147 273518 228856 164589 86052 
58198 112165 157838 191556 210345 212266 196711 164587 118373 61887 
30430 58643 82523 100152 109975 110978 102845 86053 61886 32355 

55134 106258 149533 181485 199296 201122 186391 155963 112166 58643 
106261 204796 288198 349774 384099 387624 359221 300576 216171 113022 
149536 288197 405554 492203 540503 545460 505497 422965 304193 159039 
181485 349771 492200 597355 655966 661979 613474 513314 369169 193014 
199293 384094 540500 655970 720329 726922 673654 563663 405383 211949 
201124 387619 545454 661979 726921 733572 679813 568815 409083 213884 
186390 359223 505495 613475 673655 679814 629995 527128 379103 198206 
155961 300572 422965 513313 563665 568817 527128 441059 317202 165841 
112167 216172 304196 369174 405383 409087 379100 317201 228126 119270 
58643 113021 159043 193015 211945 213884 198205 165843 119270 62361 

77587 149534 210428 255384 280448 283019 262287 219464 157839 82524 
149533 288196 405555 492203 540500 545457 505494 422965 304195 159044 
210429 405557 570705 692629 760591 767561 711325 595185 428055 223798 
255385 492206 692630 840598 923072 931524 863268 722319 519484 271603 
280448 540503 760594 923073 1013631 1022906 947946 793169 570438 298242 
283020 545456 767558 931525 1022902 1032253 956608 800412 575643 300967 
262287 505491 711323 863270 947946 956604 886497 741745 533451 278905 
219464 422960 595188 722319 793167 800411 741745 620630 446345 233361 
157840 304192 428051 519483 570435 575643 533453 446349 321002 167829 
82524 159043 223798 271600 298241 300964 278903 233362 167828 87749 

94165 181486 255390 309948 340362 343481 318316 266348 191555 100151 
181483 349773 492201 597355 655966 661980 613480 513319 369172 193016 
255390 492200 692630 840598 923073 931523 863270 722320 519486 271603 
309951 597356 840598 1020169 1120254 1130505 1047662 876601 630447 329614 
340363 655968 923072 1120256 1230152 1241395 1150421 962581 692272 361941 
343482 661978 931523 1130504 1241396 1252733 1160922 971363 698590 365241 
318317 613475 863266 1047660 1150420 1160921 1075833 900163 647380 338466 
266349 513312 722319 876603 962579 971360 900161 753173 541668 283199 
191554 369172 519487 630445 692268 698587 647380 541668 389555 203668 
100150 193017 271605 329615 361938 365242 338467 283199 203671 106482 

103406 199294 280449 340362 373760 377181 349542 292476 210347 109976 
199296 384094 540500 655968 720329 726923 673657 563664 405382 211946 
280452 540502 760592 923070 1013631 1022904 947945 793167 570438 298241 
340364 655970 923071 1120255 1230151 1241398 1150418 962578 692275 361940 
373757 720326 1013631 1230150 1350816 1363154 1263248 1056978 760163 397435 
377182 726923 1022902 1241400 1363156 1375597 1274771 1066615 767088 401055 
349544 673655 947945 1150420 1263250 1274770 1181329 988429 710857 371652 
292476 563664 793166 962578 1056978 1066615 988428 827023 594774 310961 
210346 405383 570436 692272 760159 767093 710855 594772 427746 223636 
109972 211948 298240 361938 397432 401054 371654 310962 223636 116922 

104356 201125 283020 343484 377182 380632 352742 295145 212266 110976 
201123 387623 545455 661977 726920 733569 679813 568812 409087 213881 
283020 545456 767561 931523 1022902 1032254 956606 800407 575646 300963 
343481 661976 931522 1130502 1241395 1252734 1160921 971361 698588 365239 
377181 726919 1022906 1241394 1363157 1375596 1274773 1066614 767090 401052 
380634 733571 1032258 1252735 1375594 1388142 1286392 1076335 774077 404707 
352745 679812 956607 1160923 1274769 1286387 1192090 997424 717326 375033 
295149 568815 800408 971362 1066617 1076329 997427 834549 600188 313791 
212266 409087 575648 698586 767088 774076 717323 600185 431638 225671 
110978 213880 300963 365239 401060 404706 375034 313790 225672 117985 

96711 186390 262289 318317 349545 352739 326892 273518 196708 102845 
186396 359219 505497 613476 673656 679814 629995 527127 379105 198209 
262286 505494 711323 863268 947947 956608 886499 741742 533454 278904 
318318 613475 863266 1047660 1150421 1160921 1075834 900161 647381 338467 
349545 673656 947949 1150421 1263248 1274771 1181333 988427 710858 371655 
352742 679810 956606 1160923 1274773 1286389 1192091 997427 717326 375035 
326895 629993 886499 1075833 1181328 1192089 1104696 924300 664732 347539 
273520 527126 741745 900163 988429 997426 924300 773359 556181 290786 
196710 379102 533452 647379 710857 717324 664733 556178 399990 209124 
102843 198207 278901 338468 371653 375034 347538 290783 209125 109333 

80922 155959 219465 266347 292475 295148 273518 228858 164590 86054 
155958 300573 422964 513314 563666 568814 527128 441059 317199 165840 
219465 422961 595187 722316 793169 800411 741747 620628 446344 233361 
266347 513313 722321 876605 962579 971363 900162 753173 541668 283197 
292475 563669 793167 962577 1056977 1066612 988426 827023 594776 310965 
295147 568814 800409 971361 1066618 1076334 997426 834547 600184 313791 
273517 527128 741743 900160 988426 997424 924300 773363 556181 290785 
228856 441055 620626 753171 827023 834549 773357 647068 465351 243297 
164590 317198 446343 541665 594775 600188 556180 465351 334667 174973 
86055 165843 233359 283201 310962 313792 290785 243296 174971 91480 

58202 112164 157837 191556 210347 212267 196708 164588 118371 61887 
112167 216176 304193 369170 405382 409085 379103 317200 228125 119272 
157839 304196 428052 519483 570441 575644 533451 446345 321003 167830 
191555 369170 519484 630442 692271 698587 647377 541666 389557 203669 
210344 405383 570438 692272 760163 767089 710859 594775 427746 223639 
212270 409086 575644 698590 767088 774073 717326 600185 431640 225670 
196708 379103 533451 647382 710854 717325 664732 556179 399987 209123 
164588 317200 446344 541670 594775 600187 556179 465351 334670 174971 
118371 228122 321004 389556 427748 431638 399986 334667 240685 125833 
61889 119269 167826 203670 223639 225670 209122 174974 125834 65787 

30431 58645 82523 100149 109974 110980 102844 86051 61888 32354 
58644 113021 159042 193014 211947 213878 198204 165840 119269 62357 
82523 159041 223800 271601 298240 300962 278905 233361 167830 87745 
100151 193013 271604 329613 361940 365238 338468 283196 203670 106484 
109974 211946 298240 361937 397431 401053 371655 310963 223637 116921 
110980 213882 300961 365240 401054 404707 375035 313790 225675 117986 
102847 198206 278902 338467 371654 375035 347538 290783 209119 109334 
86051 165839 233358 283196 310965 313791 290782 243294 174971 91477 
61887 119272 167825 203670 223634 225671 209123 174971 125834 65788 
32357 62361 87742 106485 116923 117985 109333 91481 65789 34395 