Parameters: 2 101 101 0.7
0 0 1 1 0 0 1 0 0 0 0 0 0 1 1 0 1 0 0 0 1 0 0 0 2 1 2 4 1 4 1 1 3 1 1 1 2 1 3 4 4 3 3 3 5 3 2 3 4 2 1 2 4 4 3 2 2 4 1 3 2 4 4 2 3 1 4 0 1 4 3 2 1 1 0 1 4 1 0 2 3 0 0 1 0 1 0 1 1 1 1 0 0 0 1 0 0 0 0 0 0 
0 0 0 0 1 0 0 1 0 0 2 1 0 1 0 2 0 0 0 1 1 2 5 1 1 2 2 3 1 6 5 3 3 3 4 5 5 6 5 5 7 4 6 5 7 6 7 6 7 5 7 7 7 8 4 8 4 8 4 4 6 6 6 4 5 4 5 6 4 4 3 4 3 3 3 2 3 2 4 1 2 1 0 0 1 0 0 1 1 0 0 0 0 0 0 0 0 2 0 0 0 
0 0 0 2 0 0 0 0 1 1 0 4 1 2 3 1 2 4 2 4 5 4 2 4 4 4 5 4 5 6 6 5 6 7 8 7 6 10 7 6 9 9 9 8 9 11 9 9 8 8 9 8 7 10 9 9 8 11 11 7 10 9 6 6 6 8 6 8 5 7 4 6 5 6 3 3 6 3 3 3 1 5 2 0 1 1 1 1 1 1 0 1 1 0 0 0 0 0 0 0 0 
0 0 0 0 0 1 2 0 1 1 2 2 1 1 2 4 1 2 4 4 3 4 4 5 6 5 6 5 5 6 5 9 11 9 9 10 10 9 11 10 11 11 11 13 14 11 13 16 12 11 13 12 13 12 12 11 11 12 13 12 12 10 11 11 10 9 7 9 9 9 6 8 7 7 6 6 4 5 3 4 3 5 3 4 2 3 2 2 0 1 1 2 2 1 2 0 0 0 0 0 0 
0 1 1 0 0 1 1 2 3 2 2 2 2 0 1 3 4 8 6 4 5 5 5 6 8 7 7 7 8 8 9 10 9 12 12 14 15 15 12 13 14 13 13 15 15 15 17 18 15 16 15 16 16 16 16 13 16 18 15 14 13 14 14 13 14 10 12 12 10 12 9 10 9 7 6 5 6 5 6 5 6 5 4 3 3 6 2 2 3 0 1 2 1 1 0 1 1 0 1 1 0 
0 1 1 0 0 4 0 3 1 2 2 1 2 2 3 3 3 2 4 3 5 7 6 7 8 9 10 8 10 11 10 14 12 11 13 14 15 16 18 20 18 19 19 19 20 19 18 21 21 19 23 20 21 18 20 20 21 21 19 18 16 18 17 17 14 14 15 14 14 12 12 10 10 9 7 8 10 10 8 7 5 5 4 3 4 2 3 3 1 3 0 2 1 1 4 0 2 0 1 0 0 
0 0 1 0 2 1 2 1 1 1 3 2 4 2 2 7 6 5 4 7 7 7 7 11 9 13 11 12 11 17 16 15 15 16 17 19 21 19 21 21 22 22 21 22 23 24 26 24 24 24 27 22 24 24 25 25 23 22 23 22 21 18 20 19 20 18 15 15 15 14 13 12 14 13 9 12 9 8 7 9 7 6 6 7 4 4 3 3 7 1 4 3 4 1 4 1 3 0 0 0 1 
0 3 2 2 3 2 3 4 4 2 3 3 4 4 3 6 6 6 7 7 8 7 7 10 11 12 12 15 14 15 16 17 18 22 21 21 22 25 23 22 24 25 25 28 28 27 29 30 29 29 27 28 28 30 28 29 27 26 30 27 24 22 24 25 22 20 21 19 21 16 17 14 11 11 15 12 10 9 9 10 8 6 6 6 4 4 3 3 4 1 2 2 2 4 1 0 2 1 1 1 0 
0 0 1 1 2 2 2 3 3 6 3 4 6 6 5 5 6 8 9 8 10 7 13 14 13 16 17 17 18 17 19 19 23 25 23 23 25 28 25 27 29 29 31 32 33 33 32 33 33 32 35 32 32 34 32 35 35 32 30 28 30 30 29 29 26 24 25 21 20 19 17 18 18 15 14 12 13 12 10 11 11 9 7 7 6 5 6 6 4 5 4 4 2 3 1 1 1 1 1 0 0 
0 1 1 1 1 1 2 4 3 5 3 3 4 3 6 6 6 10 7 10 10 13 12 13 15 16 20 16 22 20 22 21 26 25 25 29 30 32 32 34 32 34 36 40 39 35 36 37 38 38 37 39 43 40 37 39 37 36 34 33 34 32 33 30 28 30 30 26 23 22 23 20 19 17 19 18 15 15 15 11 11 9 11 10 10 8 5 6 6 3 4 4 3 4 1 1 5 2 1 1 0 
0 1 0 3 2 2 2 5 0 3 5 5 7 5 7 7 7 9 9 12 13 15 13 16 19 18 20 21 24 23 24 27 28 30 32 33 38 36 35 37 39 39 44 42 41 41 45 43 42 44 45 44 41 43 43 45 43 41 40 38 39 37 35 33 37 37 31 27 28 28 25 22 22 20 19 18 17 15 15 16 12 13 12 9 10 11 7 6 5 5 4 5 6 4 2 3 3 0 0 1 0 
0 0 0 3 5 1 2 5 5 2 7 6 6 7 10 9 11 15 11 12 15 16 15 17 19 20 24 23 25 27 30 30 32 33 36 37 37 38 41 41 46 46 47 47 47 49 47 50 51 51 49 50 51 49 50 47 45 48 47 45 46 44 39 39 37 36 36 33 32 32 27 27 27 25 21 19 19 19 16 16 11 13 9 10 8 8 7 5 7 5 7 4 4 3 3 1 0 1 1 0 0 
0 0 0 2 1 2 4 2 4 6 5 6 7 9 10 9 8 13 13 14 17 19 17 18 23 23 28 26 30 30 31 32 33 37 38 39 41 42 48 48 50 52 52 51 54 54 56 58 60 58 57 53 58 55 55 53 53 52 51 53 49 47 44 44 42 41 42 37 35 36 31 30 27 27 27 26 23 18 17 17 16 13 14 13 12 11 8 8 7 6 4 4 3 5 3 2 3 3 1 3 0 
0 0 0 5 3 1 3 2 3 6 5 7 8 8 9 11 11 13 15 18 18 20 18 23 26 28 29 28 32 36 35 40 41 41 43 47 48 49 50 54 55 56 56 60 59 59 63 62 63 66 63 63 62 60 64 61 61 59 58 57 54 54 53 51 46 44 43 43 43 37 35 35 33 30 26 24 25 24 19 18 20 16 15 14 11 12 9 10 8 9 6 6 2 4 3 6 3 2 2 1 0 
0 1 1 4 4 4 4 6 4 6 7 7 8 9 11 11 13 14 16 18 22 19 21 22 27 27 31 34 36 40 43 42 43 46 49 52 53 57 57 61 65 61 63 68 67 69 69 70 72 70 70 72 71 70 66 67 67 63 65 62 60 59 56 55 53 51 49 47 46 40 39 37 35 34 28 27 26 25 24 21 21 19 19 14 12 11 9 10 7 8 6 6 4 3 3 2 4 2 0 3 0 
2 2 1 2 4 3 4 4 3 5 7 7 11 11 12 13 14 16 16 20 19 21 25 26 29 31 34 35 38 41 44 48 48 56 55 57 59 62 63 65 70 68 70 74 75 74 78 77 79 78 77 79 79 78 76 76 74 73 72 70 68 68 65 62 59 57 53 49 49 45 44 42 38 37 33 32 32 26 26 24 21 20 19 15 14 13 14 12 11 9 8 6 3 4 6 4 1 2 2 0 0 
2 2 1 1 5 3 5 5 7 6 6 8 11 14 13 15 15 17 17 21 24 28 29 31 32 35 37 40 45 48 48 52 54 57 61 64 66 70 71 75 75 77 80 81 83 82 83 86 84 87 87 86 85 84 85 84 81 80 78 78 75 74 72 68 68 62 59 58 54 52 48 46 44 40 39 35 35 31 26 24 23 20 21 17 17 16 13 13 10 9 9 11 6 2 5 5 2 2 2 0 1 
1 3 1 0 2 4 7 7 7 6 9 10 13 15 17 16 17 20 23 23 26 27 29 36 37 39 43 44 50 51 55 58 61 64 65 70 73 78 77 80 84 84 87 90 91 93 93 96 95 92 96 96 94 97 95 91 90 90 92 85 84 80 76 74 73 67 66 64 59 55 52 50 48 43 41 38 37 35 31 30 27 24 23 20 19 18 13 11 13 11 10 8 7 4 5 2 3 1 4 3 0 
1 1 4 4 4 4 7 6 6 7 10 11 12 15 17 20 22 23 22 25 29 30 34 38 39 45 46 49 51 55 61 62 65 70 75 74 77 83 85 87 89 94 95 97 102 103 102 106 103 104 105 104 105 104 103 102 101 98 95 94 92 87 88 84 81 77 73 69 66 61 59 55 54 49 46 41 43 38 34 31 27 27 23 22 21 18 15 13 11 11 9 10 7 6 8 4 4 2 3 1 1 
2 2 2 4 7 3 4 6 7 7 13 13 13 15 19 20 20 23 27 29 31 34 37 41 43 46 50 54 57 61 64 66 71 76 79 82 87 89 94 97 100 101 104 108 110 111 112 114 115 114 115 116 115 112 110 111 109 107 105 103 101 96 93 89 88 85 81 77 73 69 66 63 59 54 48 47 44 39 40 36 33 28 28 22 21 21 18 16 15 14 11 9 8 6 7 5 5 3 4 0 1 
1 2 3 3 4 5 7 6 10 7 11 13 15 16 18 20 25 27 28 32 36 39 40 44 49 52 55 58 61 67 70 77 80 83 87 91 93 100 104 106 109 111 112 118 119 118 122 122 123 124 124 125 125 125 126 121 119 118 113 112 110 107 102 99 95 91 88 85 79 75 70 67 62 60 53 49 44 43 39 38 36 29 29 28 23 22 21 18 14 13 13 9 9 7 6 6 5 4 3 1 0 
0 1 2 1 4 6 8 10 10 12 13 16 18 18 22 26 26 28 32 34 38 42 44 47 49 54 58 63 66 70 76 81 85 93 96 99 104 105 113 115 119 121 123 127 128 132 132 136 136 134 134 135 139 136 134 133 130 128 125 120 120 114 111 107 102 99 95 90 87 84 77 72 69 62 59 55 51 49 44 42 39 35 34 29 24 25 21 20 16 16 15 11 10 7 9 5 5 2 2 0 2 
1 2 3 3 8 7 8 13 13 12 16 16 19 19 22 23 28 31 34 38 42 46 48 53 56 60 65 72 74 81 85 88 92 98 103 107 113 116 124 126 128 134 135 139 142 144 147 149 150 149 149 147 149 146 144 143 142 141 136 130 128 123 121 116 111 110 105 97 93 88 86 79 73 69 65 64 58 52 48 43 41 38 34 31 30 26 23 20 22 16 14 16 12 8 10 7 5 3 4 5 0 
1 2 3 3 6 7 8 9 14 14 15 18 20 23 26 27 32 33 38 41 42 48 52 55 58 66 70 75 81 86 90 97 103 105 110 116 123 126 132 135 138 143 148 149 153 154 157 156 160 160 160 158 159 157 157 154 153 149 146 140 139 135 132 128 120 118 113 109 101 98 92 84 79 74 69 67 65 57 50 47 46 44 38 32 30 26 24 21 20 17 14 16 11 12 9 6 6 6 3 3 2 
2 1 4 4 6 9 10 11 12 15 18 20 22 22 27 31 31 36 38 45 47 51 55 61 65 70 76 81 86 92 99 105 108 113 120 127 131 137 141 147 151 155 159 163 164 165 169 171 173 172 173 172 172 171 170 169 165 163 157 153 151 146 142 136 131 125 121 115 108 103 100 94 87 80 76 71 66 63 54 52 48 45 40 34 32 29 27 23 23 19 15 15 12 11 9 7 6 4 4 1 1 
1 4 5 7 7 9 10 13 14 19 18 18 24 28 30 32 34 38 43 45 51 56 61 67 69 79 80 88 91 98 105 112 116 124 130 133 140 147 151 155 164 167 170 173 175 180 184 183 184 187 188 185 184 185 182 179 176 176 169 166 161 154 154 146 140 136 129 120 116 113 105 100 94 90 82 77 72 67 60 58 50 49 44 39 39 34 28 26 21 21 19 16 16 10 11 10 4 4 5 1 1 
1 5 7 6 6 7 11 14 16 18 19 20 23 27 32 35 37 42 48 50 56 61 65 71 74 81 89 93 99 106 112 120 126 132 138 144 152 155 161 168 174 179 182 185 190 191 195 197 198 200 199 201 199 195 195 192 187 186 182 179 172 166 164 155 150 144 139 134 125 118 110 107 100 94 88 81 78 70 65 59 54 52 45 42 37 33 30 31 24 21 21 15 16 12 10 10 5 5 4 3 1 
0 1 7 6 6 10 13 12 15 18 21 24 29 28 33 39 40 46 50 53 57 64 70 74 81 86 95 101 105 112 119 128 134 144 148 154 160 167 174 179 186 188 194 198 202 206 208 210 214 213 213 213 213 211 208 207 204 200 193 189 186 180 173 166 162 153 148 141 134 125 120 113 106 100 93 88 83 74 68 63 59 54 48 44 41 37 35 32 26 23 20 17 13 13 11 8 7 6 4 4 3 
0 1 5 6 9 11 12 14 17 19 21 26 30 32 36 39 43 47 53 57 62 70 73 81 87 93 100 107 115 121 129 135 144 151 158 163 171 180 186 191 197 204 207 213 215 220 223 226 227 227 230 225 226 224 222 217 214 210 210 203 197 192 187 178 170 163 157 149 143 135 129 124 113 107 101 93 87 78 74 70 62 57 52 47 42 39 35 32 27 24 20 20 17 15 13 9 8 6 6 4 1 
2 5 6 7 11 13 13 16 15 20 22 27 29 33 37 40 44 49 55 59 66 72 75 84 91 99 106 114 120 128 136 144 154 162 168 175 183 191 198 203 212 214 219 225 228 234 235 238 242 241 243 241 243 238 238 234 227 223 223 215 209 206 196 193 181 175 169 159 152 145 138 128 120 113 109 100 91 85 78 71 66 63 57 50 45 43 40 33 31 27 21 22 20 15 14 10 10 9 7 2 2 
3 6 5 8 8 10 13 16 21 21 26 28 31 35 40 42 48 56 60 64 70 76 82 87 97 104 113 120 129 138 143 151 161 169 178 186 193 203 210 215 223 228 237 239 243 249 254 253 255 257 257 258 256 252 250 247 244 239 233 227 222 217 207 201 195 189 177 168 160 153 145 136 129 119 115 106 97 88 86 78 72 64 58 54 46 43 41 33 32 29 24 20 18 16 13 11 9 7 2 3 0 
3 4 4 6 9 11 13 18 17 20 25 29 33 38 44 46 51 57 64 67 74 81 88 95 104 112 120 126 137 145 153 164 172 180 190 197 202 213 220 228 233 242 249 253 256 262 263 267 271 271 272 272 271 268 262 263 258 254 248 242 236 226 221 213 206 197 188 179 170 162 153 146 135 128 121 111 104 94 87 80 76 69 62 59 50 48 43 38 34 30 26 21 20 17 12 11 11 8 8 6 2 
3 6 5 7 12 12 15 20 23 22 26 33 37 40 44 48 54 61 67 71 78 85 92 101 108 116 127 135 142 151 159 172 178 189 200 207 215 228 233 240 248 254 259 267 273 275 280 283 287 284 286 287 284 282 282 275 271 267 260 255 249 242 236 224 215 208 200 189 180 171 161 152 144 132 123 118 107 100 91 85 80 74 66 60 55 48 43 38 37 30 27 26 22 22 16 13 10 6 7 7 2 
3 5 8 11 11 14 16 22 22 24 28 33 40 42 46 53 58 63 72 75 83 91 98 106 116 121 132 141 150 162 168 178 189 197 207 219 228 238 245 251 261 271 276 280 284 289 296 297 299 300 299 303 300 298 294 289 285 279 274 270 260 253 247 239 228 217 209 199 189 180 170 160 153 142 129 121 116 107 101 90 83 75 68 63 55 52 46 41 35 37 31 28 20 20 16 12 10 10 6 4 2 
1 6 7 9 9 14 16 22 24 29 32 34 38 45 47 54 62 67 72 78 87 96 105 110 122 129 141 148 156 169 178 189 199 209 218 228 238 247 255 266 272 281 289 294 301 303 309 312 314 315 315 314 314 315 308 305 299 293 289 279 273 266 257 246 237 228 216 209 198 189 178 167 158 149 140 127 119 110 102 94 87 80 71 63 61 56 50 43 37 37 32 28 25 20 17 14 11 8 7 3 2 
0 5 6 9 12 17 20 24 24 27 30 37 42 49 51 58 60 69 76 83 92 98 106 115 127 137 144 154 166 175 185 196 208 218 226 235 248 259 271 276 286 294 301 307 313 317 321 326 328 331 330 328 326 325 322 317 310 306 302 293 287 277 268 258 248 240 227 217 209 197 186 176 165 154 143 134 124 115 108 102 92 83 74 70 62 55 51 45 40 35 31 28 27 22 20 13 10 8 8 5 2 
2 6 6 9 13 14 18 24 27 28 32 38 44 48 53 59 65 72 84 86 95 103 113 122 130 140 152 162 171 183 193 206 214 226 238 249 260 270 279 290 301 303 312 322 325 332 335 341 344 344 345 345 341 338 337 332 326 320 314 305 297 287 281 272 260 249 240 225 219 206 195 183 171 160 150 140 128 121 112 105 96 87 79 72 64 57 50 48 42 39 33 29 27 22 19 18 13 10 7 4 3 
3 5 8 11 14 14 21 22 29 28 34 38 42 49 56 62 69 75 84 91 98 107 115 125 133 147 160 168 180 190 201 214 226 234 246 258 270 280 292 298 310 317 327 331 338 344 349 352 358 356 355 355 356 354 349 343 340 333 327 316 309 300 290 281 270 259 251 237 225 211 201 190 179 169 156 145 134 128 114 108 99 89 84 75 68 62 55 48 45 41 34 32 27 21 18 16 13 9 8 5 1 
2 6 9 12 14 18 22 24 30 31 37 39 46 51 59 65 71 77 85 93 103 112 118 131 142 152 163 173 186 197 209 222 233 244 256 267 282 291 302 313 322 329 335 346 350 357 363 366 368 369 369 369 368 364 362 357 350 344 339 331 322 311 300 292 279 269 257 247 234 221 211 200 187 173 161 153 140 131 120 111 101 93 86 78 73 62 56 51 48 42 36 31 28 23 22 15 15 10 8 5 1 
2 7 8 12 15 20 22 23 27 31 35 41 48 56 60 65 74 80 87 96 106 113 125 135 146 156 169 181 192 202 213 228 238 255 267 275 290 300 312 322 330 340 349 359 364 369 373 378 381 382 383 382 381 378 375 369 363 357 348 342 330 322 311 302 291 276 263 254 240 231 218 207 189 179 170 158 144 136 125 118 106 96 89 82 75 65 59 53 49 41 38 35 29 25 26 17 16 12 9 7 1 
3 6 8 14 15 18 22 23 30 34 38 42 50 54 63 68 75 81 92 98 106 118 130 137 150 162 174 186 198 213 222 236 246 260 273 287 298 310 322 331 343 352 361 366 375 382 384 389 392 392 394 394 393 388 384 379 373 366 356 348 340 331 319 312 298 286 273 260 247 237 222 212 198 182 173 161 149 139 127 115 112 102 92 83 76 68 63 55 48 44 41 34 32 25 23 17 13 11 9 4 2 
3 4 7 12 15 17 21 25 32 36 39 44 51 59 64 71 76 86 95 105 112 123 132 143 154 165 179 190 205 216 227 243 256 272 282 296 307 316 329 340 351 360 371 378 385 393 394 401 401 404 406 403 401 401 398 392 384 376 369 360 352 340 329 318 307 294 281 269 254 244 230 215 204 191 182 166 152 142 132 122 111 102 95 83 75 69 65 59 52 46 39 34 30 28 24 20 12 10 10 8 2 
2 6 8 12 16 19 26 28 31 35 41 46 52 58 64 69 77 89 95 107 116 123 135 148 159 168 184 194 206 221 233 250 261 275 287 302 314 326 337 350 359 369 381 387 394 401 407 408 411 416 414 413 413 412 407 402 399 388 378 370 360 348 340 326 315 303 288 274 260 250 233 219 208 193 183 169 157 146 135 124 115 102 97 87 78 69 66 58 51 45 40 37 29 27 22 18 17 10 11 8 4 
3 7 9 15 15 17 23 30 31 37 44 49 53 58 67 72 81 89 97 106 115 125 137 149 163 173 185 200 212 227 239 257 266 281 293 310 319 335 344 356 366 379 387 396 404 409 411 418 423 424 424 423 422 418 416 409 404 394 388 378 368 356 345 334 321 308 295 279 267 252 239 226 212 199 187 175 162 148 137 128 118 105 97 88 85 72 67 61 53 47 40 35 32 28 22 20 18 12 11 8 5 
2 6 8 16 15 19 24 27 32 36 41 46 54 61 66 74 82 92 100 110 119 128 140 154 165 179 189 202 216 229 245 257 270 285 297 313 325 338 350 363 373 385 394 403 411 417 424 426 430 430 432 434 431 425 421 418 412 401 395 385 375 362 352 339 326 314 301 287 273 260 247 230 216 202 190 175 163 152 139 130 119 108 100 94 84 75 65 58 53 49 41 36 35 28 25 19 14 11 11 4 2 
2 4 11 12 16 19 23 29 30 37 45 48 53 61 66 75 83 92 102 111 123 132 141 154 165 178 191 207 221 235 248 262 275 290 303 318 334 344 357 369 378 390 401 409 419 424 430 432 435 439 439 440 438 433 430 423 416 406 402 390 380 371 357 343 332 320 303 289 277 262 247 234 219 207 195 179 167 154 144 133 123 109 100 92 85 74 68 60 53 50 43 39 31 29 24 20 17 11 9 7 2 
4 5 8 15 19 21 24 29 34 41 46 49 54 62 70 75 83 93 104 112 123 133 144 157 169 182 195 210 221 237 249 263 277 295 307 320 336 347 362 373 386 395 405 414 423 428 434 438 441 444 447 445 441 438 434 429 421 415 405 398 386 375 361 347 336 321 306 294 279 265 252 237 224 210 195 182 171 158 144 133 122 114 104 93 84 76 68 61 53 51 43 39 33 29 25 22 17 13 10 8 5 
4 8 10 13 19 23 25 28 31 37 46 49 55 61 70 77 86 95 104 114 123 135 146 159 171 183 197 210 224 239 252 268 284 299 311 326 339 351 365 377 390 399 409 417 427 434 438 443 448 448 451 445 445 443 439 432 428 418 409 402 391 379 363 351 338 326 311 298 280 269 254 238 225 211 197 184 173 158 145 138 124 115 104 96 88 77 70 61 55 50 43 38 33 29 25 23 15 12 8 7 5 
4 9 12 13 18 23 26 28 32 37 46 51 56 62 69 79 85 94 104 114 123 136 147 160 172 183 200 214 227 241 257 272 285 300 314 329 342 357 369 382 395 402 415 423 429 437 441 448 452 452 452 453 452 446 442 437 432 420 413 402 392 379 371 357 340 329 312 301 285 269 255 244 231 216 200 185 175 161 148 137 125 114 101 92 86 79 71 63 57 51 43 39 35 29 22 22 16 11 11 6 4 
4 8 11 13 15 21 24 29 35 42 46 50 57 66 70 79 88 96 105 115 124 136 148 160 172 185 200 213 227 241 256 271 286 300 319 331 343 359 369 381 393 402 414 423 430 437 445 448 452 452 454 454 449 447 443 438 433 424 415 405 395 379 369 353 343 329 314 299 285 272 257 242 229 214 198 187 173 159 148 137 125 114 105 95 85 78 68 65 56 50 44 38 36 28 23 19 17 14 9 7 4 
3 6 10 12 17 20 23 29 36 39 44 49 55 60 69 78 89 95 103 115 131 139 147 161 173 185 201 215 227 241 255 273 288 301 316 329 343 358 371 380 394 406 412 423 433 440 446 451 451 455 456 454 451 448 444 438 433 425 415 404 392 384 372 357 344 329 315 301 285 272 258 242 229 214 201 185 172 163 148 135 125 114 104 95 87 79 70 64 57 50 48 39 33 29 24 21 18 12 10 6 3 
4 4 11 12 15 21 27 28 33 38 45 51 58 64 72 80 86 97 103 114 125 135 148 161 173 183 200 213 228 241 256 270 287 304 315 330 345 356 370 381 393 404 415 422 432 437 443 449 450 453 454 454 451 447 442 437 431 424 416 404 391 382 368 357 344 329 317 299 285 274 257 240 226 214 201 186 174 161 149 137 126 114 104 94 87 79 70 64 58 49 44 38 33 28 24 21 16 13 8 4 3 
3 7 9 12 18 20 24 29 32 38 44 50 54 66 72 79 86 95 102 114 126 135 147 160 172 184 199 213 228 241 256 272 286 300 313 327 344 356 368 380 394 404 411 421 427 437 444 446 448 449 452 452 448 447 442 436 431 422 413 403 391 380 368 354 341 329 314 298 284 272 255 240 225 211 198 185 174 161 147 134 126 114 104 96 85 78 69 62 55 51 45 38 33 27 29 21 17 13 12 8 3 
5 5 8 12 16 19 24 28 34 38 43 50 53 63 68 78 87 93 105 112 123 134 147 157 170 186 198 210 225 239 254 269 282 297 311 324 341 354 365 378 389 400 411 417 425 431 436 444 448 449 449 448 448 444 438 433 428 417 409 400 389 378 366 351 341 325 309 296 283 269 253 239 226 210 197 185 172 159 146 135 123 114 104 97 84 77 73 61 56 51 45 37 32 29 26 20 18 15 10 3 3 
4 8 10 14 17 21 26 29 33 39 42 48 53 63 71 76 84 94 102 110 124 136 144 157 171 185 194 209 221 235 249 265 280 293 310 324 337 349 361 375 384 397 404 414 424 428 433 437 442 443 443 443 443 440 434 429 420 413 404 395 384 373 363 347 336 324 307 293 280 264 254 238 221 208 196 184 169 156 144 133 120 111 104 95 84 77 68 60 56 48 45 38 32 28 23 20 21 14 8 6 5 
5 8 9 15 15 18 24 28 32 37 43 49 54 60 67 75 82 92 102 109 120 135 142 155 166 178 194 207 221 235 250 261 277 289 304 317 332 345 355 368 381 390 401 408 416 423 430 431 437 438 439 439 435 433 427 423 417 408 400 388 380 369 357 344 332 319 303 289 274 264 248 235 219 204 192 180 164 153 143 129 119 109 101 94 83 74 69 61 56 50 42 37 32 28 24 19 14 10 8 6 5 
2 7 9 13 18 20 23 27 33 37 43 49 55 60 68 72 84 90 102 112 118 131 139 152 165 175 191 202 217 231 243 258 272 284 300 314 326 340 351 363 378 387 397 404 408 415 424 424 429 430 432 431 431 424 423 416 411 404 391 385 374 364 352 337 327 313 298 288 272 258 244 227 215 205 191 177 165 150 142 127 119 108 98 89 83 72 67 58 52 48 43 37 32 28 23 20 19 11 9 6 2 
3 5 9 15 14 19 24 26 29 35 41 47 54 60 66 72 85 89 96 105 120 128 137 150 162 176 188 197 212 226 240 254 267 280 294 309 321 334 347 356 369 376 386 395 403 408 414 417 419 425 423 422 420 417 417 407 403 395 386 378 367 356 344 332 320 306 295 281 270 252 239 226 211 200 190 174 162 150 138 129 116 109 97 89 81 72 63 58 52 46 40 36 33 27 24 21 18 13 9 7 2 
3 5 8 15 16 23 23 27 30 35 40 47 51 56 68 72 79 89 94 104 117 124 136 145 159 169 183 195 207 222 233 249 262 274 288 302 314 327 340 350 361 368 377 386 393 402 404 407 415 417 413 413 413 412 407 401 395 388 378 371 359 348 337 325 312 301 288 275 262 248 235 221 207 195 183 170 155 144 135 125 112 106 99 88 78 71 66 58 53 47 43 35 30 30 21 19 17 11 9 7 5 
4 4 8 13 13 17 21 27 30 34 40 44 52 58 62 71 76 86 93 103 112 123 134 141 153 166 177 193 203 217 228 243 256 267 282 293 306 317 329 341 353 360 371 379 383 390 396 401 405 405 406 404 404 401 395 391 387 380 368 363 351 341 330 320 304 293 281 267 257 243 228 217 204 189 178 164 153 144 133 123 114 103 92 87 77 69 66 56 52 46 40 34 29 27 22 20 15 11 7 5 0 
1 6 10 15 15 17 22 23 29 35 40 45 48 55 63 66 77 82 91 99 108 119 131 137 150 162 171 187 199 211 222 233 246 259 271 286 298 311 323 332 341 352 358 366 374 378 385 388 391 396 394 393 393 388 385 380 375 367 358 352 343 330 319 310 296 286 275 261 247 236 223 208 200 186 172 160 149 137 126 118 108 100 91 83 75 66 60 55 50 45 38 31 31 25 23 20 16 10 8 7 2 
4 7 8 12 16 19 21 25 28 35 40 45 48 54 60 66 73 78 86 96 103 113 125 132 147 157 168 181 191 204 215 226 240 251 265 279 287 299 311 320 331 345 350 356 362 368 373 378 382 382 385 381 379 378 376 369 364 355 349 341 331 322 311 298 289 276 264 252 240 228 217 204 191 178 167 156 145 133 124 116 108 98 88 80 74 66 58 53 48 43 36 34 30 24 21 15 16 10 8 5 2 
2 3 8 11 16 15 21 25 26 30 36 40 47 52 58 66 69 77 85 95 103 112 119 130 140 154 163 172 183 198 207 220 232 244 256 265 280 290 300 311 319 329 338 345 351 356 361 364 369 370 372 369 366 363 361 356 351 345 339 330 322 311 301 290 282 270 256 243 235 220 210 198 186 173 164 151 141 130 121 113 103 94 87 78 70 64 56 52 46 42 37 32 25 23 22 16 13 10 9 5 1 
3 6 7 10 14 17 20 25 25 29 35 39 44 49 55 62 69 77 84 91 99 109 116 126 135 149 156 168 178 191 202 214 227 237 248 257 267 280 291 298 310 317 325 333 340 348 347 351 354 359 358 357 357 352 347 344 337 333 326 318 309 304 291 279 270 260 245 236 227 215 200 191 181 168 158 148 137 125 117 108 99 93 80 75 68 61 53 50 45 40 36 30 27 23 22 15 13 10 9 3 3 
5 5 7 11 14 17 20 26 25 29 32 36 42 49 57 58 65 75 81 88 96 103 113 121 130 140 150 162 172 182 195 207 216 228 240 247 258 266 278 290 300 307 313 321 328 332 337 339 341 345 344 344 342 339 334 331 325 319 318 308 297 292 281 271 262 248 240 228 213 205 191 183 171 160 150 139 131 120 114 105 95 85 78 71 65 61 52 47 41 39 33 29 24 22 19 16 11 7 6 3 2 
3 3 5 11 13 16 17 21 27 28 33 38 42 45 51 56 63 72 75 83 91 100 107 116 126 136 147 155 164 174 186 197 207 217 231 240 249 260 268 278 285 293 300 308 312 317 321 325 330 333 331 332 330 324 322 319 310 308 302 293 286 278 268 259 247 240 227 219 208 195 187 175 166 153 145 135 125 116 110 102 89 83 79 68 63 59 51 47 41 35 33 27 25 21 17 15 13 11 9 2 2 
3 5 7 12 11 15 16 19 27 26 29 36 40 44 49 55 61 65 73 81 88 93 101 113 122 130 138 147 158 168 179 189 198 209 224 228 237 248 255 264 273 285 288 295 299 306 309 312 313 316 316 315 314 313 307 303 300 296 289 284 272 265 259 251 236 227 217 208 197 186 179 169 158 146 136 129 121 110 103 95 85 78 76 66 59 53 51 45 38 33 30 26 25 20 17 14 12 11 6 5 4 
1 3 7 9 9 12 15 20 23 24 31 33 36 43 47 50 56 64 70 75 83 90 98 106 115 123 134 142 149 160 171 180 190 198 210 217 227 237 245 252 259 269 275 282 285 292 293 295 298 302 302 300 300 299 293 290 285 281 276 268 261 252 244 239 227 217 210 201 189 182 174 160 150 139 131 124 114 107 98 89 84 75 72 63 55 53 48 41 34 33 30 28 23 20 17 13 12 8 6 3 3 
1 3 7 8 13 14 15 18 19 25 29 28 34 40 43 49 55 59 65 73 80 85 94 98 108 118 127 136 142 151 159 172 181 189 200 207 216 225 233 243 249 254 259 266 271 277 280 281 283 284 286 285 284 284 278 278 271 267 263 256 251 243 234 227 216 206 199 190 179 170 163 152 142 137 126 119 109 100 93 86 80 72 66 59 55 50 45 39 35 32 31 24 20 17 15 12 11 7 7 5 2 
2 5 6 10 9 11 14 17 21 28 28 30 34 39 44 49 53 59 63 69 74 83 89 96 102 110 121 127 136 145 153 161 169 179 187 197 204 214 220 229 232 241 247 253 259 262 266 270 275 271 270 271 271 271 263 261 256 256 248 242 237 229 220 214 205 196 187 181 171 161 154 141 137 126 120 112 102 94 88 81 75 69 62 58 53 44 40 37 35 29 26 22 19 20 17 11 9 8 6 4 5 
1 3 9 5 9 12 14 18 19 22 25 29 31 38 45 44 48 54 58 66 71 76 83 90 98 107 112 121 129 138 144 155 162 172 179 188 196 201 209 218 222 229 237 237 243 248 253 253 255 258 258 257 254 253 251 246 244 240 235 228 223 218 209 203 193 187 180 169 161 152 143 134 130 119 112 108 97 91 84 78 71 65 60 52 47 44 43 36 31 29 26 23 17 15 13 13 12 7 6 3 2 
1 1 5 8 8 12 13 15 20 19 23 28 30 31 37 41 47 49 55 65 68 72 79 85 91 99 107 114 122 129 137 145 152 159 168 177 185 189 196 205 209 214 221 225 230 234 236 240 240 241 244 242 242 239 237 233 232 225 222 216 210 204 196 192 184 177 168 160 151 144 139 127 122 113 107 99 92 85 78 73 67 60 55 51 46 42 36 35 30 30 24 20 17 13 14 13 11 8 5 5 3 
2 4 6 7 10 9 14 14 17 19 23 23 26 33 33 39 43 49 53 59 63 68 76 82 87 94 99 106 118 124 128 137 145 153 160 164 171 181 187 193 197 202 207 211 216 220 222 225 226 227 231 226 226 225 224 219 217 211 207 200 196 194 191 178 171 165 156 149 145 136 129 121 115 108 100 93 86 80 73 67 64 58 53 47 43 40 35 29 27 27 22 17 19 14 12 11 8 6 6 2 1 
3 3 6 4 10 10 13 13 15 17 20 22 25 31 33 38 39 46 46 54 59 63 71 76 82 91 96 99 106 115 119 128 135 140 148 155 160 168 175 179 187 194 200 202 201 206 207 210 214 212 213 214 210 209 208 205 202 198 193 189 185 181 175 169 160 152 148 140 135 128 121 113 106 101 94 88 81 77 72 64 57 54 51 43 40 38 32 28 25 24 22 17 16 15 11 13 11 8 4 2 0 
1 3 4 7 6 9 10 13 15 19 24 20 24 30 31 35 39 44 44 50 56 60 66 71 77 81 90 93 99 104 112 122 125 132 139 146 150 158 163 167 171 177 181 184 189 193 196 196 197 199 197 202 197 198 196 191 189 186 180 178 170 167 161 156 150 146 138 130 125 118 114 108 101 94 85 81 76 73 64 59 57 51 47 42 38 34 30 30 26 21 17 14 14 10 10 8 8 6 3 2 2 
0 3 4 7 7 8 10 12 14 16 19 23 23 25 28 33 35 39 42 46 52 58 60 65 71 75 84 87 93 99 106 113 118 124 131 138 140 144 151 158 159 163 169 172 177 181 181 185 186 185 186 185 185 182 180 180 180 175 167 164 160 157 153 146 140 134 129 122 119 111 105 98 93 87 82 76 69 64 60 55 53 46 42 42 36 30 29 26 25 19 17 18 14 13 11 9 7 5 7 3 0 
2 2 5 7 6 7 11 12 13 15 16 18 23 24 28 33 33 38 41 45 48 51 57 62 66 70 76 82 88 92 97 105 111 114 121 124 131 137 142 146 150 154 158 161 162 168 170 170 172 173 176 174 172 173 169 167 165 161 157 156 148 147 139 134 131 125 122 116 111 104 99 92 87 83 76 70 65 60 56 50 46 43 39 37 34 28 27 23 19 18 16 16 12 10 9 9 6 5 2 4 3 
2 5 1 6 6 6 11 11 12 13 14 18 19 22 26 28 32 37 37 40 43 46 51 56 60 68 74 74 81 86 90 96 101 104 110 117 120 126 132 136 139 144 146 150 154 154 158 158 161 160 160 160 159 158 156 154 153 147 146 145 138 137 130 125 122 119 111 105 102 97 93 85 81 75 69 67 60 56 51 48 44 42 36 35 32 28 25 21 19 18 14 13 13 10 8 6 7 5 1 2 0 
2 2 2 3 4 6 7 8 12 13 16 15 17 19 20 25 29 31 33 38 43 44 47 51 57 60 65 69 77 80 83 89 93 99 105 108 111 117 121 125 129 133 135 137 140 143 146 148 148 148 147 149 147 147 146 141 141 138 133 130 128 126 119 117 111 107 103 98 93 89 85 78 73 68 64 63 56 54 48 46 40 37 35 31 27 26 22 23 18 16 15 14 13 11 6 6 8 5 2 1 1 
0 3 4 4 7 8 8 9 11 12 17 18 15 19 22 22 24 31 32 34 38 39 42 47 52 55 60 63 69 70 76 83 85 90 98 99 104 107 113 114 119 122 123 127 129 131 133 133 137 136 138 138 136 135 132 132 131 127 122 122 120 115 112 108 103 97 96 88 85 79 76 75 70 63 61 57 49 48 43 41 37 36 32 27 27 24 22 19 16 14 13 14 10 10 6 6 5 2 3 1 1 
1 2 5 3 4 6 9 7 9 10 14 14 13 20 20 22 21 26 27 31 33 38 39 45 51 54 55 57 62 68 70 74 77 80 86 91 95 98 101 104 109 114 113 117 120 120 122 125 124 123 125 126 124 124 123 121 121 117 112 112 111 105 102 97 92 91 86 81 80 78 70 66 62 60 55 50 46 43 41 36 33 30 27 25 22 20 20 22 17 14 11 10 7 8 7 5 5 3 1 3 1 
1 3 0 1 3 4 6 5 7 7 10 11 14 17 17 18 21 23 26 27 29 34 36 41 46 49 50 54 56 64 63 68 72 77 81 84 86 91 94 95 100 105 104 106 108 111 109 114 113 115 116 114 115 114 114 110 109 106 105 101 100 96 94 90 84 84 79 76 73 67 66 61 57 55 51 45 44 41 39 33 34 29 27 24 22 19 19 15 13 14 13 13 8 7 5 5 5 2 2 1 1 
1 0 3 4 2 4 7 7 7 9 10 11 14 15 15 17 21 20 22 27 31 31 33 39 41 42 46 48 50 55 58 63 64 69 72 76 79 82 88 88 91 96 96 96 99 103 106 106 105 104 107 104 103 102 102 103 100 98 96 91 91 86 85 82 81 77 71 72 68 63 59 57 52 48 45 44 38 36 35 31 28 25 25 23 20 19 14 14 12 13 10 8 8 6 4 5 4 3 0 1 0 
0 1 3 4 5 10 3 4 7 9 10 11 12 13 16 16 18 19 20 24 24 29 31 33 36 38 43 45 49 49 55 59 59 62 68 69 71 75 76 80 82 83 86 89 93 95 91 96 95 96 92 97 96 97 94 94 91 88 86 86 84 79 77 74 72 67 65 65 61 57 54 53 50 45 41 37 33 32 30 31 28 23 21 19 18 17 15 13 14 11 10 8 7 6 5 5 3 2 2 2 0 
0 2 2 1 2 3 2 7 7 8 8 9 11 12 13 17 17 19 20 24 23 25 27 32 32 36 39 42 43 47 48 52 52 56 60 62 66 69 71 74 78 76 78 81 82 84 84 85 85 86 85 86 86 86 84 83 84 81 80 77 74 72 70 70 64 62 60 57 56 53 48 48 43 40 37 36 33 32 29 24 23 23 18 17 14 15 14 13 12 10 9 8 6 8 4 2 2 2 1 2 0 
1 2 1 3 4 3 4 6 7 6 6 9 7 11 14 15 15 15 16 19 21 23 26 27 28 34 34 38 39 43 44 46 48 52 53 57 60 60 65 66 69 69 72 72 76 75 80 76 76 77 78 79 79 77 78 75 73 72 71 72 68 66 66 62 59 56 55 53 50 47 44 42 38 36 35 31 29 28 26 23 21 22 18 14 14 17 11 11 10 8 8 5 7 5 3 2 5 4 2 2 0 
0 2 0 1 2 4 3 5 6 6 7 5 10 12 12 11 11 14 18 20 19 20 22 23 24 28 31 34 35 38 39 43 46 47 48 52 55 57 58 60 61 64 64 66 67 68 68 70 72 70 72 69 70 70 69 67 67 64 66 64 62 57 59 55 51 49 50 48 45 41 40 38 33 33 29 29 25 22 22 23 21 21 15 14 14 12 10 10 8 6 8 5 7 6 3 2 2 2 1 0 1 
1 0 1 2 4 1 3 3 3 3 6 6 7 7 10 12 12 11 13 17 16 18 19 22 21 27 27 31 34 33 37 38 42 42 45 47 48 51 51 53 54 55 59 58 58 62 61 62 62 62 63 62 61 62 62 64 60 58 57 57 54 54 51 49 49 45 44 41 40 38 37 35 29 27 27 26 23 22 22 21 19 14 16 17 12 12 10 11 8 9 7 7 6 3 4 1 2 1 1 3 0 
1 2 3 1 2 2 3 3 5 4 4 5 5 6 9 10 9 11 14 14 15 16 19 19 22 27 27 27 30 30 30 34 35 35 41 39 43 46 46 48 52 51 55 53 54 54 56 55 56 61 58 54 57 57 53 53 51 53 50 52 50 48 47 45 40 38 41 39 36 33 32 31 28 26 23 22 21 19 21 16 14 14 13 13 11 11 8 8 6 7 5 5 4 3 4 3 4 1 2 1 0 
0 1 1 1 1 1 0 2 3 5 6 5 6 6 7 8 10 12 11 13 14 15 18 19 19 19 24 22 26 27 29 29 32 33 35 36 36 40 40 43 43 45 47 47 47 47 49 48 47 51 49 52 51 49 49 48 51 46 45 43 43 42 42 41 35 36 36 32 33 29 27 28 25 23 24 20 20 19 17 14 15 13 12 10 10 10 11 7 6 5 5 3 2 2 3 1 3 1 1 0 1 
0 0 0 2 0 2 4 2 3 7 4 6 6 7 7 8 9 10 11 12 15 12 16 16 18 17 21 20 23 25 24 24 28 27 29 30 33 34 37 38 39 41 42 40 40 42 46 45 43 46 46 47 47 45 43 44 42 41 41 38 40 37 34 35 33 30 31 29 28 27 26 23 23 20 21 19 19 16 12 14 11 12 12 8 9 8 4 6 6 4 3 4 5 6 2 0 3 2 3 1 0 
0 1 0 2 1 4 2 3 2 3 5 2 6 8 5 6 6 6 9 11 11 13 15 15 13 14 19 18 22 20 19 23 26 25 25 26 28 31 31 33 35 34 38 37 36 37 38 39 39 39 41 40 39 36 37 36 37 37 35 34 34 32 31 33 28 29 28 24 24 22 23 22 20 18 17 15 15 15 16 13 10 8 11 7 8 7 7 5 5 5 4 4 4 3 1 3 2 0 0 0 2 
0 0 2 1 1 3 2 3 4 2 4 1 3 4 4 6 5 6 9 8 9 10 10 11 10 14 18 15 18 17 20 20 21 24 23 24 27 28 26 28 29 31 33 33 31 31 31 33 35 35 35 35 34 32 34 32 32 31 32 29 29 28 27 27 24 25 23 21 23 21 18 19 20 16 13 13 17 14 14 10 11 8 12 6 6 8 8 4 7 5 3 4 3 2 2 3 0 1 1 1 0 
0 0 0 1 2 2 1 1 1 4 1 2 5 3 3 5 7 5 5 9 9 11 10 10 11 12 15 13 15 14 17 18 16 19 19 21 22 24 23 24 24 25 27 27 29 27 30 28 30 28 30 32 30 28 28 27 26 28 29 24 26 26 24 23 22 20 21 20 21 16 17 15 17 14 14 13 10 12 12 7 9 7 9 7 6 5 3 4 5 3 2 4 3 1 0 2 1 0 0 1 0 
0 0 0 1 0 2 3 1 2 4 1 2 1 3 6 5 9 4 4 6 6 9 8 8 9 10 12 13 13 13 14 14 17 16 18 19 18 21 21 22 21 23 25 24 25 25 26 24 26 28 25 24 25 24 24 24 23 23 22 22 23 22 21 19 18 19 19 16 14 18 16 14 13 9 12 9 10 9 8 6 6 6 5 5 2 2 2 2 4 1 3 2 2 3 0 2 0 3 0 0 1 
0 0 0 1 2 0 1 1 3 1 4 3 0 2 6 2 1 6 3 5 7 5 6 8 7 9 9 8 10 10 11 10 15 13 16 14 16 18 18 18 17 17 21 18 19 20 20 20 20 22 22 20 21 21 21 20 21 19 18 21 20 19 18 18 17 14 15 14 14 14 11 10 11 8 6 8 7 5 5 8 6 9 7 5 4 4 3 1 1 2 2 1 2 1 0 2 2 0 0 1 0 
0 0 0 0 2 1 1 1 2 0 1 0 1 1 1 4 3 4 2 4 4 4 7 6 6 8 5 7 8 9 11 12 13 10 10 12 12 13 15 12 12 13 15 15 19 17 17 18 16 17 17 15 18 19 19 18 16 18 16 15 17 15 15 14 13 12 12 12 11 11 12 10 10 7 9 6 7 5 7 7 4 3 4 1 6 4 2 3 1 4 2 2 2 0 2 1 1 1 0 0 0 
0 0 0 0 1 3 1 3 0 1 2 2 1 2 1 2 3 5 3 2 4 4 4 5 4 3 7 7 11 6 7 6 6 8 10 11 9 13 11 10 12 11 11 13 11 13 14 12 13 13 13 12 11 13 13 12 14 14 11 11 12 13 12 12 10 9 9 11 10 7 7 6 6 7 7 5 5 6 7 4 2 1 3 4 1 5 2 3 4 1 1 3 1 1 0 1 0 0 0 0 0 
0 0 0 1 1 1 0 0 0 0 2 2 2 1 3 0 2 2 2 2 1 3 4 4 2 4 5 6 3 4 7 5 5 7 7 12 7 8 8 8 9 11 9 8 9 9 11 10 10 9 11 11 9 11 11 11 10 12 11 8 8 9 9 8 10 10 7 6 7 5 5 6 4 4 4 4 6 3 1 1 2 1 0 3 2 1 0 0 3 0 5 1 1 1 0 0 1 1 1 0 0 
0 0 0 0 0 0 1 0 1 2 0 2 0 1 0 0 2 0 2 1 4 2 4 2 2 5 3 4 2 4 6 4 5 3 5 7 5 3 4 6 7 6 5 7 6 6 7 8 5 8 6 5 6 8 7 10 7 6 5 4 7 9 6 4 6 6 5 5 5 3 2 4 2 4 3 1 2 4 3 4 2 2 0 0 1 3 0 3 1 0 1 1 0 0 1 0 0 0 0 0 0 
0 0 0 0 0 0 0 0 0 0 0 0 0 2 0 2 3 0 0 1 1 0 2 1 0 0 3 2 0 3 3 1 5 2 3 1 3 0 2 3 5 3 4 5 5 3 3 5 3 4 3 4 3 2 2 4 5 5 2 2 2 3 2 1 2 4 3 1 1 2 2 2 1 2 0 1 1 0 2 2 1 0 1 0 1 0 1 1 1 1 1 0 0 0 1 0 0 0 0 1 0 