Parameters: 2 101 101 0.7
2 0 1 3 1 0 1 0 2 3 1 1 2 5 4 3 4 4 4 6 5 7 7 7 10 10 11 13 11 12 15 16 15 17 19 17 19 19 17 20 23 22 20 22 23 22 23 25 23 23 23 25 25 26 25 22 24 23 23 20 19 18 22 18 19 18 14 16 17 13 13 12 12 12 11 10 9 7 10 5 5 7 4 5 4 4 4 5 4 2 2 2 1 3 1 2 1 3 0 2 1 
0 0 2 2 4 3 1 2 4 3 1 5 3 4 4 4 6 7 5 6 6 7 9 7 8 9 11 11 14 12 14 14 13 14 16 19 18 17 18 21 20 23 23 24 22 25 24 26 25 25 24 26 24 23 24 25 24 22 22 22 24 21 18 21 20 17 15 16 15 16 14 11 11 12 11 8 8 8 8 7 6 6 6 4 7 4 5 2 5 3 4 4 2 3 3 0 2 2 1 0 1 
0 0 0 0 1 1 2 0 3 5 5 2 5 4 1 2 5 6 7 6 5 4 9 10 11 11 12 12 12 14 13 15 15 18 17 18 18 17 21 23 22 22 21 23 23 23 24 24 26 30 24 28 23 25 26 27 25 21 23 21 23 20 19 21 19 18 18 18 14 14 13 13 12 12 12 12 9 8 10 7 8 11 7 5 4 5 3 1 3 2 2 2 3 1 1 3 1 2 1 3 0 
3 2 2 4 2 2 3 1 1 3 1 1 4 1 5 4 6 5 6 6 6 7 8 8 9 11 12 13 15 15 15 16 18 18 19 21 20 19 23 22 21 24 25 25 22 26 24 27 28 29 25 25 27 27 26 26 24 25 25 23 23 23 23 20 18 19 17 16 20 16 15 13 13 12 13 10 9 8 8 8 8 7 6 6 5 5 4 3 0 2 2 7 5 3 2 0 2 2 2 1 1 
1 1 2 4 0 2 1 3 4 4 3 3 4 4 5 6 6 7 9 8 7 9 9 11 10 10 12 13 14 16 17 16 16 17 20 21 21 22 25 24 24 25 26 28 26 26 28 29 28 28 29 27 29 30 29 26 27 26 27 26 24 26 24 22 21 19 19 17 17 16 16 14 13 12 12 10 11 12 8 9 7 8 4 6 7 4 5 4 3 3 2 4 4 2 2 2 2 1 2 2 1 
3 1 2 4 4 1 2 3 4 4 4 2 2 5 6 7 7 6 6 8 8 13 10 11 15 13 13 14 16 17 20 18 17 20 22 23 24 21 24 25 26 28 30 28 27 27 31 31 32 31 28 29 28 30 30 30 28 29 26 24 28 27 24 22 22 22 20 19 20 20 16 16 16 14 12 13 11 11 11 8 7 7 7 5 7 4 7 6 5 4 3 3 1 1 1 1 2 2 3 2 2 
3 2 2 2 0 2 2 4 4 6 5 5 5 4 5 6 8 9 8 6 9 10 11 12 14 14 14 14 17 18 19 20 19 24 24 24 24 25 28 29 27 31 32 31 31 32 30 32 35 33 32 33 33 32 33 32 31 33 31 31 30 28 26 24 26 25 23 21 22 17 18 16 16 14 14 14 13 11 12 10 10 9 9 6 7 6 8 6 3 6 5 6 1 2 4 4 1 1 2 3 1 
0 3 1 0 2 3 3 5 2 3 5 2 7 4 3 4 7 8 9 9 11 10 15 13 16 16 17 17 17 19 19 22 21 26 26 25 29 32 31 29 33 31 33 36 33 36 34 34 35 37 39 38 34 35 36 36 36 31 32 32 31 33 29 27 25 28 27 23 24 21 19 18 17 18 16 13 14 12 11 13 11 11 7 5 7 6 7 7 4 4 3 5 4 3 1 1 1 2 1 0 2 
1 2 1 5 1 1 4 2 3 5 6 5 7 6 7 6 9 8 10 9 13 13 13 12 17 15 17 17 18 21 21 23 25 29 27 30 30 31 30 32 34 35 38 36 36 40 37 41 38 40 39 40 40 39 39 38 37 37 38 33 34 32 31 31 33 30 29 28 26 24 24 20 18 18 14 17 17 14 13 11 9 8 8 9 4 7 6 4 4 6 2 3 5 5 2 2 2 3 3 1 2 
1 4 4 1 2 3 4 2 5 6 5 6 5 5 7 9 12 8 11 12 12 13 13 15 17 19 18 23 24 26 24 27 27 29 30 30 33 38 36 36 39 38 42 42 39 42 42 45 44 45 43 45 43 44 43 41 41 41 39 40 36 35 34 36 33 32 29 27 27 27 25 22 23 23 21 19 17 13 15 12 11 12 12 10 7 8 6 6 6 7 4 3 3 4 3 2 1 5 3 3 2 
2 4 3 3 6 3 4 4 4 6 4 6 6 6 11 8 11 9 10 11 11 13 14 17 17 22 20 21 25 27 29 28 30 34 34 38 37 39 38 40 42 44 44 44 48 45 47 49 47 49 48 50 47 49 46 46 47 44 45 46 43 41 37 37 36 38 35 36 30 29 30 26 24 26 24 19 17 16 14 13 11 12 11 11 8 9 8 5 5 5 4 6 4 2 3 2 2 6 4 1 2 
4 2 2 3 3 2 6 6 6 5 4 6 8 6 8 9 10 11 12 13 16 16 16 22 20 22 22 25 27 28 30 34 35 38 36 39 42 43 42 46 46 48 49 51 54 53 52 54 52 52 53 53 53 54 52 52 49 48 50 46 46 47 45 41 39 40 38 34 32 31 30 30 27 26 24 21 20 18 19 17 15 13 14 10 9 9 8 7 7 9 4 6 4 2 4 6 4 4 4 2 5 
3 2 4 2 5 5 2 3 5 5 7 7 8 9 9 11 10 11 13 14 18 21 19 21 22 23 24 28 31 31 32 35 38 40 41 42 43 46 49 50 53 54 53 58 57 57 57 58 59 59 58 61 59 58 57 59 57 53 53 54 52 50 49 46 44 45 42 38 37 34 32 32 32 29 24 26 23 20 17 18 20 14 12 11 12 9 11 8 9 5 7 6 6 3 3 5 4 3 4 1 2 
3 4 6 3 5 6 3 2 4 5 8 7 12 10 11 12 11 15 16 18 22 19 21 23 25 27 30 29 32 38 39 40 41 45 46 49 49 51 55 55 56 57 61 59 62 62 66 65 65 67 66 64 67 66 64 64 60 59 59 58 58 55 53 50 47 50 45 41 41 39 36 35 33 31 29 29 27 23 22 20 18 17 15 13 14 13 10 8 10 8 8 7 7 4 5 4 2 1 2 3 5 
6 5 4 4 6 4 5 5 9 8 6 8 9 11 12 14 16 14 18 20 20 21 22 25 27 26 31 34 35 37 41 43 44 49 51 52 53 59 58 62 62 65 64 67 69 72 70 72 70 72 72 73 73 71 71 68 69 67 68 64 64 61 60 57 54 52 51 50 48 43 42 38 37 36 31 29 28 27 24 25 20 19 18 17 14 13 10 8 11 8 6 8 8 6 6 4 4 8 4 4 2 
4 5 4 4 3 5 7 5 6 8 8 10 11 12 11 14 18 15 19 23 22 26 27 32 30 34 32 40 42 41 44 46 50 52 54 58 58 61 65 69 69 72 73 73 74 79 75 79 78 81 80 79 77 78 79 76 77 75 75 72 69 68 66 63 60 59 57 51 52 49 47 43 41 37 35 31 31 26 27 25 22 18 19 17 13 14 9 10 10 10 9 7 4 7 7 5 4 4 3 5 2 
2 5 4 6 6 4 5 7 8 9 8 9 10 12 14 15 17 20 21 21 26 29 29 33 33 37 40 40 45 50 50 52 55 56 60 62 67 70 73 72 76 77 79 81 82 85 87 87 87 87 86 86 88 89 86 85 84 81 77 78 76 73 70 70 67 66 62 62 57 52 49 48 44 43 39 36 32 31 31 26 26 21 20 19 15 17 12 11 13 11 10 7 8 8 6 5 7 7 3 4 2 
3 6 4 6 5 6 7 6 6 9 11 12 13 14 13 17 20 21 25 23 27 31 32 33 38 38 42 45 48 51 54 57 60 65 67 70 73 75 81 81 84 87 88 91 93 93 96 94 96 96 97 98 97 96 95 93 93 92 86 85 85 81 78 75 74 69 69 66 61 58 53 53 48 44 42 40 37 35 29 28 26 26 23 19 17 18 16 15 14 10 10 7 10 10 5 5 5 6 6 3 5 
5 5 7 5 5 7 9 6 8 10 12 11 12 19 16 17 22 21 25 26 28 32 35 38 39 43 48 48 53 55 59 65 67 70 74 77 82 83 86 89 89 92 98 98 100 102 104 105 103 105 104 105 104 105 103 103 102 99 98 94 92 89 88 83 80 75 75 73 65 61 60 55 52 54 47 43 42 37 35 32 31 28 25 24 21 19 15 16 13 12 9 10 9 8 7 7 6 6 6 7 6 
5 8 7 5 7 9 12 11 10 11 16 13 14 18 21 20 21 25 26 31 30 36 39 41 41 46 52 57 58 62 66 69 73 76 84 82 89 92 94 99 99 104 107 110 108 111 113 114 115 116 116 116 115 113 113 112 111 109 107 103 99 96 93 89 88 84 81 76 74 68 64 61 56 53 52 47 44 42 39 34 34 32 28 24 23 24 20 17 13 14 14 13 11 11 9 10 8 9 8 4 5 
6 9 7 6 7 7 8 10 9 12 15 15 19 16 20 21 24 25 28 34 35 39 42 43 48 49 56 60 64 68 70 75 79 84 87 91 95 101 103 106 109 114 114 119 119 120 123 123 126 127 127 125 126 126 123 124 122 116 116 114 109 107 104 98 96 91 87 85 80 75 70 67 64 57 57 53 48 45 41 38 38 31 31 28 22 23 19 20 18 14 13 13 13 10 7 7 7 10 7 8 7 
5 7 9 9 8 10 8 13 11 11 16 15 18 20 23 27 27 31 31 37 37 41 45 49 52 55 60 64 70 75 79 84 88 90 94 99 101 107 111 116 116 124 123 128 131 131 132 136 137 138 139 138 137 134 136 132 132 129 125 123 118 112 112 108 105 98 98 92 86 82 77 72 70 66 61 56 53 50 46 42 39 35 31 29 26 24 22 21 18 16 14 15 10 12 8 12 10 7 7 10 7 
7 8 8 8 11 9 11 16 13 13 16 16 21 22 24 27 27 29 35 37 42 48 50 54 57 60 64 71 74 77 85 87 95 97 104 109 112 117 124 126 129 136 137 139 139 142 143 149 150 149 149 146 151 147 146 142 141 140 135 132 129 125 124 117 112 105 102 99 93 87 84 79 73 69 65 62 57 52 47 44 40 38 35 32 28 29 24 21 18 16 14 14 15 13 10 10 10 9 6 8 6 
8 10 9 9 12 12 12 13 14 15 17 18 23 23 25 30 30 32 37 37 45 48 52 58 60 67 71 77 82 85 92 97 101 106 111 118 123 126 130 135 139 145 148 149 151 157 158 156 161 162 160 161 159 160 156 154 151 149 146 143 140 138 130 127 122 114 109 107 101 99 93 88 81 74 70 67 63 56 53 51 44 40 38 33 32 28 24 22 21 19 17 14 13 14 12 11 10 10 11 8 8 
9 10 9 8 11 12 13 13 14 18 20 22 23 23 28 32 32 39 39 44 51 55 57 60 66 74 76 82 87 90 99 105 108 114 119 128 131 137 141 146 152 153 158 161 165 169 170 172 173 171 172 174 171 172 170 167 166 162 159 156 151 147 141 137 132 126 120 116 110 102 100 94 86 80 76 71 66 60 56 53 48 45 40 37 33 31 26 24 21 21 18 17 15 16 15 11 8 9 13 13 8 
9 11 11 10 12 11 13 13 15 17 21 25 25 28 29 33 33 38 43 45 54 57 61 66 70 75 81 88 92 101 103 110 117 123 128 134 140 146 151 157 162 165 168 175 179 182 181 184 187 186 187 187 183 183 181 180 178 172 170 167 161 158 149 146 144 135 128 123 117 113 105 100 94 88 82 75 69 65 60 55 51 48 44 40 35 32 31 26 24 24 20 17 16 14 15 11 12 11 10 9 12 
9 11 11 12 11 12 12 14 16 17 22 24 27 28 32 34 42 42 45 49 55 60 66 69 75 83 87 92 98 106 113 122 125 133 138 146 149 156 161 167 172 177 182 185 190 193 193 195 198 199 200 203 199 197 197 196 190 185 185 179 174 168 163 156 150 146 139 132 125 121 111 107 102 93 89 82 78 69 65 62 56 52 48 41 38 34 30 28 26 23 22 18 18 18 16 15 14 12 12 13 12 
13 12 12 11 14 16 16 15 17 20 26 24 29 31 35 36 42 45 48 53 60 63 68 76 84 87 94 101 107 114 120 127 134 141 148 154 162 169 174 178 183 193 194 199 203 206 209 211 213 214 211 214 212 211 209 205 201 200 195 192 185 178 174 169 162 155 148 141 134 127 120 114 108 100 93 87 82 74 70 64 60 55 52 46 40 38 37 32 28 26 24 22 21 15 13 14 17 12 11 13 11 
12 12 13 12 18 14 16 17 17 21 25 26 31 34 35 39 45 48 51 56 62 69 77 82 86 93 101 108 114 120 129 138 142 150 158 166 170 178 187 191 196 203 208 211 217 219 223 224 230 229 227 227 229 223 221 219 215 211 208 202 200 192 188 179 174 165 156 152 142 137 128 120 112 108 99 94 89 80 75 69 62 58 54 49 45 40 36 31 30 26 24 20 22 16 18 15 13 15 13 12 12 
12 13 14 13 16 18 18 21 21 22 27 28 32 38 40 43 47 52 59 62 67 71 80 85 92 99 106 115 122 128 137 144 152 160 168 175 181 189 199 204 208 215 221 225 229 234 238 238 245 241 243 241 242 237 238 233 230 226 224 215 211 203 195 190 183 176 168 158 152 144 137 131 123 115 108 103 91 84 78 76 66 61 56 50 46 41 39 35 29 31 27 23 20 20 18 17 15 15 12 12 12 
14 16 14 15 15 17 17 19 20 23 27 31 34 35 42 45 50 54 59 66 71 78 82 92 98 104 113 120 128 136 147 155 160 172 179 187 196 201 209 215 222 229 235 240 244 245 250 252 257 256 259 257 255 252 252 250 244 241 235 230 221 216 209 204 194 187 179 169 160 153 144 138 129 120 113 105 98 92 85 77 71 63 59 53 48 46 41 38 33 29 27 26 21 24 18 17 14 14 15 14 13 
14 16 15 17 18 16 18 21 25 30 28 32 37 39 42 48 52 59 64 69 73 83 88 96 105 112 120 126 137 145 151 161 173 183 188 198 205 212 219 229 235 241 249 253 255 261 266 267 268 271 271 271 272 269 265 263 256 253 248 243 236 230 221 211 206 196 189 181 169 163 153 145 138 128 119 114 105 96 89 81 77 68 63 58 51 49 42 40 36 33 28 27 21 20 18 17 18 18 16 13 14 
14 15 15 17 16 19 22 21 26 28 31 32 36 39 44 51 55 60 68 73 77 85 94 102 108 119 126 135 143 152 159 170 180 190 199 208 218 224 231 242 249 255 261 267 273 278 280 282 285 288 285 286 285 284 280 276 272 267 262 254 249 241 234 224 215 207 199 191 179 173 161 153 142 134 126 117 110 99 91 86 81 72 65 61 55 49 47 43 37 34 29 29 23 21 20 20 20 16 16 14 15 
15 15 17 16 18 21 22 24 28 29 31 38 40 43 50 52 60 66 69 74 84 90 96 104 112 124 133 141 150 160 170 180 188 199 208 216 227 237 243 252 259 269 275 281 285 293 294 298 300 301 301 299 299 296 295 291 287 282 272 267 261 252 246 236 228 217 210 201 189 178 171 160 151 141 134 121 113 104 98 93 83 76 71 63 58 52 48 44 39 36 31 30 27 25 23 21 21 17 18 15 14 
19 17 18 19 19 21 23 26 31 30 34 36 39 45 49 55 63 70 73 79 85 94 103 112 119 129 138 148 158 170 179 187 197 208 221 227 238 247 255 265 272 280 288 294 298 303 310 312 313 315 318 315 314 312 308 304 299 293 287 281 272 266 256 246 239 231 220 212 198 187 177 167 159 147 140 129 120 111 104 98 88 80 73 69 61 53 52 47 41 37 35 30 27 23 23 21 21 19 19 17 17 
18 18 19 20 20 21 23 26 27 34 36 40 45 48 51 59 65 71 76 82 89 99 108 116 123 135 146 153 163 175 186 198 210 217 227 237 246 261 266 279 286 293 304 308 314 319 321 328 329 328 331 328 329 325 322 319 313 306 298 293 286 280 267 258 248 237 230 217 206 196 185 176 163 156 148 134 125 118 107 99 92 85 78 71 64 57 51 50 41 36 34 30 28 24 23 23 21 22 18 17 20 
17 19 20 19 22 24 22 27 28 32 35 43 46 50 54 61 65 72 78 85 96 103 112 121 131 142 150 162 172 184 194 209 217 226 238 249 259 272 280 290 299 307 315 321 327 333 335 340 342 343 343 342 343 340 336 329 325 318 314 307 298 291 281 269 257 248 238 229 215 205 194 183 172 161 148 140 132 121 110 103 95 88 79 71 68 62 54 47 44 40 37 33 30 27 23 21 20 22 19 18 19 
19 18 19 21 22 23 25 29 30 34 39 42 45 53 57 63 68 76 82 92 100 107 117 126 135 147 157 167 180 189 202 214 225 236 251 260 271 281 292 300 310 320 325 332 338 345 349 351 356 359 358 357 357 355 351 343 339 336 324 319 308 301 290 281 269 260 249 237 224 212 201 192 181 167 157 146 136 125 119 106 100 90 83 74 70 62 56 49 49 43 38 35 31 27 26 22 23 20 21 20 18 
19 19 22 21 25 26 26 29 33 37 39 41 48 55 59 67 71 78 84 94 101 109 121 130 141 150 163 175 188 195 210 221 232 245 257 269 279 290 301 311 321 331 337 345 351 357 362 367 368 370 372 369 368 367 362 356 351 345 337 331 321 312 301 291 280 268 257 244 235 222 208 196 188 174 162 152 140 132 121 111 105 93 89 79 70 65 57 53 48 44 40 35 34 30 27 26 23 21 23 19 19 
21 19 22 22 23 25 28 29 32 39 42 46 52 55 60 68 75 82 87 98 104 115 124 135 149 156 170 180 192 203 215 229 243 254 266 278 289 302 311 323 334 341 347 357 363 369 374 378 380 379 382 383 381 378 374 369 364 357 350 340 334 320 310 301 290 277 265 254 244 231 216 203 193 181 166 157 145 133 124 117 107 97 90 82 74 69 62 55 51 46 39 38 33 31 29 26 25 23 21 22 21 
20 18 23 22 25 28 30 30 34 38 40 46 53 56 62 70 75 84 94 99 110 119 128 138 150 162 174 183 198 211 222 235 248 260 273 287 298 310 322 331 341 351 361 367 374 383 386 390 390 394 394 394 391 391 386 379 372 368 360 351 341 330 320 309 300 286 274 262 249 234 222 210 196 186 172 163 151 139 127 121 110 101 94 85 78 69 61 59 52 46 41 36 34 30 28 28 24 23 20 23 19 
21 20 24 24 24 26 27 31 37 39 44 48 53 59 65 68 78 83 93 102 115 125 132 145 151 166 178 191 202 215 225 243 255 267 282 294 307 318 329 341 350 360 369 377 388 392 396 401 404 402 406 407 402 401 397 393 384 377 369 363 353 341 329 318 307 293 284 267 254 241 229 216 203 189 180 166 156 143 130 124 113 102 95 86 81 70 64 59 54 47 44 39 36 30 28 24 22 22 24 21 20 
23 22 21 22 25 28 29 32 35 41 44 47 54 59 67 73 83 86 95 103 116 123 135 147 157 171 183 194 209 221 234 248 261 276 288 301 314 328 337 350 359 369 380 385 393 400 405 409 417 414 416 414 410 410 404 400 395 389 377 369 359 350 338 326 315 300 286 274 261 249 237 221 207 195 183 169 157 147 136 124 115 105 96 89 81 74 69 59 55 50 44 42 37 37 32 28 26 22 23 24 21 
23 21 22 23 26 27 31 33 36 41 47 49 53 60 69 75 82 90 101 107 116 129 140 150 162 173 185 200 214 227 238 253 268 280 295 309 319 335 343 358 366 377 388 394 401 409 413 420 422 421 424 423 420 417 416 408 400 394 386 378 367 356 346 334 320 307 294 282 268 254 239 224 212 199 186 174 162 151 138 129 118 108 101 91 81 73 68 62 55 50 49 42 37 35 32 30 25 24 22 23 19 
24 23 25 26 27 30 31 35 40 42 45 51 57 61 67 74 82 89 102 111 118 132 140 150 165 178 188 203 215 230 243 259 271 285 301 313 325 339 351 364 374 384 393 401 410 415 422 425 429 429 431 430 429 426 419 416 408 404 396 385 375 364 351 340 327 315 299 288 273 258 244 231 218 203 192 176 164 152 141 130 121 111 102 91 83 75 68 61 57 51 46 42 40 35 31 30 28 24 22 26 22 
25 23 24 27 29 31 31 34 38 44 47 51 57 63 70 76 86 93 101 112 122 131 142 152 165 179 194 205 222 235 247 261 276 290 303 317 332 343 356 368 380 391 403 408 420 422 428 432 435 438 439 439 435 434 429 422 416 410 400 389 383 368 357 346 334 317 306 291 274 263 249 233 222 205 192 181 166 155 144 130 120 111 102 92 85 75 71 64 56 51 48 42 39 35 32 29 28 24 25 23 24 
23 22 24 25 27 31 32 37 37 43 47 54 59 64 70 79 85 93 106 115 124 133 145 157 169 183 197 206 221 237 253 265 280 294 309 320 336 349 363 375 385 395 406 415 424 428 433 437 443 446 444 444 440 438 434 428 422 416 405 394 385 375 361 350 337 322 307 293 280 264 250 236 225 208 194 182 169 157 144 133 122 114 103 94 87 78 69 65 58 52 49 43 40 34 34 31 27 24 23 23 24 
24 24 25 27 28 30 32 35 39 43 48 53 59 67 73 80 86 94 103 115 125 134 146 161 172 183 195 211 225 237 253 266 283 298 311 325 340 351 365 377 388 401 409 418 426 433 437 443 445 449 449 446 446 443 439 431 426 421 408 398 388 380 365 352 340 324 311 297 284 270 252 238 224 213 196 183 171 156 147 135 126 115 104 95 87 80 71 65 59 52 46 44 38 36 34 29 28 26 25 22 24 
24 23 25 26 29 32 33 35 40 44 50 52 57 66 73 82 85 95 105 113 125 137 150 161 173 186 198 213 226 240 257 268 282 298 314 330 341 355 369 381 392 403 412 422 429 434 442 448 447 451 452 449 451 448 441 436 435 423 414 401 391 381 368 354 340 325 313 299 284 271 255 240 226 213 197 187 170 160 145 136 127 113 103 94 88 80 73 65 59 53 48 46 38 36 33 31 27 26 24 23 23 
27 25 25 25 29 30 33 38 39 43 48 53 59 66 73 77 85 95 107 116 125 135 148 160 171 184 199 213 227 242 256 270 288 300 316 328 343 357 369 383 392 403 416 423 430 437 445 446 451 454 452 453 453 447 443 437 431 424 414 405 393 383 370 357 345 329 316 302 288 274 256 241 227 212 199 189 173 158 148 137 124 114 106 98 86 79 72 68 60 54 48 45 41 34 34 31 26 27 26 27 22 
25 25 25 27 28 31 34 37 41 46 50 54 59 65 72 77 89 98 108 119 126 136 150 161 173 188 202 215 228 244 258 269 287 301 316 331 344 358 370 383 395 405 413 425 433 440 444 449 453 455 452 451 451 448 445 440 433 423 414 406 394 382 371 356 344 329 314 303 287 271 256 244 230 215 198 183 173 160 149 134 126 117 108 97 87 79 74 66 62 54 49 43 40 35 35 31 27 28 26 23 22 
25 24 23 24 29 31 31 35 40 41 46 53 60 65 70 79 87 97 106 118 126 138 146 159 172 186 202 213 227 242 256 273 286 299 313 329 346 357 368 382 392 404 414 423 431 438 442 448 452 452 454 453 453 448 445 438 432 423 415 404 394 382 371 357 344 329 314 303 286 271 258 242 229 213 199 186 172 162 150 138 125 115 106 95 89 79 76 65 59 54 51 46 39 37 35 29 30 27 23 24 25 
23 23 24 27 31 29 34 34 41 43 46 54 58 64 71 80 89 100 107 115 125 137 148 156 171 184 197 212 226 243 255 270 280 300 314 326 342 357 369 381 392 401 414 422 428 436 444 446 448 451 452 454 448 446 442 438 431 422 411 401 393 378 368 354 341 327 312 301 286 270 257 241 226 212 199 186 171 160 149 135 126 114 103 95 89 79 72 64 59 52 49 44 38 36 33 30 31 26 23 23 23 
23 27 26 27 28 31 33 37 40 42 48 53 59 63 70 80 87 96 104 116 124 135 147 158 168 186 195 213 227 239 253 269 280 296 311 326 339 355 367 379 388 397 409 419 426 431 440 442 445 446 449 448 444 444 439 433 425 421 408 401 388 378 366 353 341 325 311 296 286 267 255 241 226 212 198 184 169 159 148 137 125 115 104 97 85 80 73 63 59 51 47 43 41 36 32 28 29 26 25 24 23 
23 24 24 27 26 32 31 32 39 41 47 51 57 65 70 77 85 94 103 114 124 135 144 156 169 181 197 210 221 235 251 267 280 293 308 322 336 349 360 374 383 394 404 416 423 431 435 439 442 445 445 442 442 436 435 427 423 417 403 395 383 377 364 350 336 322 311 293 279 266 251 239 222 210 194 181 168 158 145 134 122 110 103 94 84 79 71 64 57 53 48 43 39 35 34 30 27 26 24 23 25 
22 23 24 24 26 30 34 35 42 42 47 51 57 63 69 78 84 94 101 112 123 132 144 157 167 178 193 205 220 237 247 262 277 291 304 320 333 344 356 371 382 391 400 408 417 423 430 432 434 439 442 438 440 434 426 424 416 408 399 391 379 368 358 344 332 318 305 288 275 261 248 233 220 210 192 179 168 158 145 132 121 109 102 93 86 76 69 63 59 52 47 43 38 36 33 28 29 25 23 24 23 
23 23 23 24 30 31 33 35 37 42 49 51 58 62 70 76 84 92 100 109 119 130 141 152 164 176 191 205 217 232 247 258 272 285 298 314 327 340 351 362 374 387 392 402 410 415 421 428 429 433 433 430 430 424 421 417 410 404 395 383 374 363 354 338 326 313 299 286 270 257 243 229 216 205 187 176 166 154 144 130 122 110 98 90 83 74 68 61 58 50 46 40 38 38 32 28 26 26 23 25 23 
22 20 23 24 25 29 31 33 36 39 48 49 56 61 70 75 82 91 97 108 116 126 139 150 160 171 187 200 209 225 241 252 267 281 297 308 320 335 344 356 367 377 387 395 403 412 414 418 423 422 424 421 422 420 413 409 405 398 388 376 368 356 345 333 318 308 294 282 265 253 239 228 214 201 185 173 160 149 138 129 119 109 98 89 85 75 68 58 55 50 45 39 37 35 30 28 27 23 23 23 23 
22 23 22 24 25 27 31 32 36 38 44 48 56 59 67 73 81 91 98 104 114 126 134 147 158 172 183 193 205 218 234 250 263 273 286 300 314 326 337 348 359 367 376 389 393 400 408 409 414 415 414 413 411 408 404 402 394 387 378 370 360 347 337 324 312 301 287 276 261 247 233 222 209 194 181 168 157 145 136 127 114 105 94 87 79 75 64 59 54 48 44 40 37 34 29 27 26 24 24 20 23 
21 22 23 23 24 25 29 30 34 38 42 48 52 58 63 71 80 87 94 102 111 123 132 145 155 164 178 188 203 215 226 241 257 269 281 296 305 318 330 340 351 361 372 377 386 390 398 400 402 406 405 405 404 399 395 392 386 377 370 363 350 341 330 317 306 293 280 266 254 242 230 215 203 190 176 165 154 142 133 124 113 102 94 89 80 73 64 59 53 47 42 40 36 32 30 26 23 22 21 22 23 
21 20 20 23 22 26 29 32 37 39 41 47 51 56 62 68 75 81 90 101 107 119 127 140 151 161 172 185 197 213 224 235 248 263 274 288 297 308 321 331 341 352 359 366 375 381 383 388 392 394 396 395 391 388 384 380 374 369 360 351 340 332 319 308 296 287 272 262 249 236 221 208 196 188 173 162 151 139 130 120 109 99 92 85 78 69 63 59 53 46 43 37 34 31 29 26 25 22 21 22 19 
17 22 20 22 24 26 28 30 32 37 42 47 47 54 61 68 73 81 89 97 107 116 124 136 148 158 167 181 191 205 216 228 241 255 267 276 287 300 311 322 331 342 350 358 364 372 375 378 379 382 384 382 381 378 373 370 361 358 348 340 331 323 312 300 287 280 266 251 240 227 218 206 190 179 167 157 145 134 124 113 104 95 89 79 74 69 63 55 49 45 41 36 36 31 27 25 23 26 23 21 21 
21 20 21 21 22 24 28 28 32 37 40 44 49 56 60 66 71 79 86 94 101 113 122 131 141 151 163 174 188 196 210 222 234 245 258 265 280 291 302 311 321 328 339 344 351 356 360 364 368 369 371 370 368 365 364 358 352 345 339 329 320 310 305 291 282 270 256 245 234 220 208 199 185 173 163 151 142 132 121 111 103 92 88 77 73 66 61 52 48 45 44 37 31 28 28 26 23 23 19 20 18 
19 18 20 24 23 26 27 27 33 34 37 42 47 52 57 63 67 78 83 90 98 106 118 127 137 145 156 168 179 190 203 212 224 236 249 258 269 281 292 301 310 320 324 333 340 347 350 354 355 355 360 361 354 352 350 346 338 333 326 317 308 303 293 282 271 260 250 236 226 212 204 192 179 169 156 145 136 126 117 107 98 90 83 74 67 63 59 51 46 40 38 31 30 27 25 25 22 22 19 19 18 
20 17 19 21 21 24 25 27 29 34 36 44 47 50 55 60 65 73 82 89 96 105 113 121 133 142 153 163 172 183 195 205 216 228 241 252 261 273 278 288 300 304 311 322 325 334 334 337 342 342 343 344 341 338 337 332 328 320 314 305 299 292 280 270 258 249 237 228 217 203 196 183 175 164 150 141 133 122 113 104 96 89 82 73 69 62 55 49 46 40 34 33 30 30 27 24 25 21 18 19 20 
17 18 17 20 20 23 26 26 28 31 35 39 43 48 53 60 65 68 79 83 92 99 107 119 127 136 145 157 163 178 186 197 209 218 228 240 250 258 269 279 285 291 301 308 314 319 322 326 331 329 329 330 327 324 324 320 315 308 303 296 285 276 268 258 247 240 229 219 208 195 184 174 166 156 145 134 125 114 108 99 90 85 79 72 65 60 54 47 45 39 35 34 31 25 24 22 21 19 18 17 16 
18 18 16 20 20 21 25 23 27 30 33 37 41 48 52 58 59 66 72 79 86 95 103 111 122 132 141 148 158 171 177 190 198 207 219 228 237 247 256 263 271 281 288 291 301 304 308 313 316 315 315 314 314 312 308 305 302 294 290 284 271 264 257 248 238 229 221 211 199 190 180 166 157 148 141 130 121 110 103 96 86 79 74 67 60 56 54 46 41 37 34 34 30 25 23 21 21 19 19 18 16 
14 16 16 16 18 18 23 23 27 29 33 34 37 43 46 54 60 65 70 77 83 93 100 107 115 123 133 142 153 161 169 178 187 199 210 220 227 238 247 254 260 267 274 282 288 290 294 296 302 301 300 302 300 297 293 290 286 281 276 267 258 251 246 237 227 218 209 197 189 178 168 160 151 141 133 125 115 105 100 90 84 77 73 62 57 52 46 43 40 37 32 30 27 21 22 21 20 19 16 18 17 
14 16 16 17 17 19 22 23 25 28 30 33 39 44 44 51 57 60 65 73 75 87 92 100 109 117 125 133 145 151 161 172 177 187 196 206 217 223 233 242 247 256 262 267 272 277 280 283 284 288 285 287 283 284 279 276 273 267 260 255 248 240 235 227 216 207 199 190 179 171 161 150 146 135 127 120 110 101 93 86 81 73 68 60 55 51 45 43 37 32 31 29 24 23 21 22 18 16 15 17 16 
13 14 13 16 17 18 20 22 24 28 29 31 34 41 40 48 52 58 62 69 75 81 87 95 103 113 118 127 135 142 153 160 169 179 187 199 206 212 222 229 236 242 253 255 258 263 266 267 270 271 271 271 270 268 264 263 259 255 246 240 235 227 222 212 205 197 190 178 172 163 152 144 137 128 120 111 104 96 88 84 76 69 63 60 52 48 42 38 36 32 29 26 24 22 19 18 17 15 14 14 15 
17 14 15 16 15 19 18 20 25 25 30 28 32 37 40 46 49 54 59 67 75 76 84 93 96 105 113 121 128 136 145 154 160 171 179 188 194 203 209 215 224 230 239 239 245 247 251 254 257 258 256 257 256 254 250 248 245 241 234 230 224 216 210 201 192 189 177 170 161 153 145 139 129 121 114 105 97 92 83 76 73 64 61 57 48 45 41 39 33 30 29 25 24 22 22 18 16 17 13 12 14 
11 13 11 14 14 15 16 20 20 25 26 30 32 35 39 44 46 50 59 63 67 73 77 86 93 101 109 114 124 128 135 148 152 161 167 173 183 191 200 204 211 215 222 227 229 235 237 239 239 243 243 243 242 239 239 234 229 224 220 216 212 203 196 193 184 175 170 162 152 142 136 130 122 115 105 99 91 88 77 74 65 61 55 52 46 44 40 36 32 27 26 21 21 17 18 14 15 15 13 13 12 
13 11 12 13 14 15 16 19 19 23 21 28 31 33 36 39 43 48 52 58 62 67 77 83 87 93 101 108 114 120 129 134 144 151 160 166 170 177 186 191 198 201 208 214 217 218 224 225 227 228 225 226 228 225 223 218 217 211 208 201 198 195 186 179 172 163 158 151 145 136 130 121 115 109 100 92 86 79 73 68 61 60 53 49 44 37 35 31 34 29 25 23 21 17 18 14 13 11 13 11 12 
10 12 13 12 12 15 16 16 19 19 23 26 27 31 32 40 43 46 50 53 58 64 70 77 82 87 95 103 107 114 120 128 134 142 150 154 162 167 172 181 185 190 195 199 202 206 210 211 213 213 213 211 210 210 208 208 205 199 193 189 186 181 173 170 162 155 148 140 137 126 119 113 107 101 97 86 80 75 71 67 59 53 50 45 42 37 33 31 29 27 22 20 19 15 17 14 12 11 13 12 11 
12 9 13 12 12 11 13 18 20 18 23 23 26 30 31 35 38 43 46 52 56 60 65 71 77 81 90 93 99 107 114 120 126 131 141 143 151 160 162 169 174 177 182 187 189 192 196 198 198 198 200 202 196 197 198 191 189 186 184 178 174 169 163 157 153 145 139 130 129 119 114 105 101 93 89 82 79 72 65 60 56 52 46 42 38 36 30 29 25 24 21 21 18 17 14 13 13 10 10 12 9 
11 10 12 11 11 12 14 16 17 17 20 24 24 27 31 36 36 40 44 47 51 55 58 64 71 78 84 87 95 98 105 111 115 123 128 136 141 147 151 157 163 168 170 173 175 179 182 184 186 188 188 187 185 183 183 178 177 173 170 167 161 156 153 149 144 134 131 124 117 113 105 100 94 88 84 76 70 63 61 56 53 47 45 38 34 31 29 25 28 23 20 19 17 15 12 13 11 10 13 13 10 
7 9 10 9 11 13 13 13 15 16 18 22 24 24 29 29 32 35 39 44 47 53 56 59 68 72 77 82 88 93 96 103 110 115 119 125 131 136 143 146 150 155 158 162 164 165 169 169 175 173 175 174 171 169 170 168 168 163 158 154 148 146 142 137 130 127 123 115 110 104 98 92 87 82 76 72 68 60 57 53 49 43 40 38 34 32 28 25 23 19 19 19 16 14 13 13 10 9 8 8 7 
9 8 10 8 9 10 11 13 12 17 17 19 21 24 26 28 34 32 37 40 43 49 54 55 61 66 73 75 81 87 90 96 101 105 112 116 123 125 132 135 142 145 146 150 151 156 156 159 160 160 161 163 158 157 159 156 153 149 145 141 140 137 129 125 120 117 114 104 101 97 92 85 81 76 69 64 62 54 53 47 45 41 37 34 31 27 24 22 21 18 18 17 12 12 10 9 9 8 7 8 12 
6 7 9 6 9 10 11 11 10 13 16 21 22 22 25 25 28 31 37 39 41 44 49 54 57 60 64 71 72 79 84 87 93 99 104 107 112 116 121 125 130 132 136 138 139 143 146 149 149 148 146 147 149 147 145 145 141 138 137 133 128 125 121 116 110 108 103 98 93 88 85 81 73 67 65 59 57 51 48 44 38 37 34 33 27 26 22 21 19 18 16 14 12 11 10 9 8 9 10 7 10 
6 7 8 7 8 11 11 11 12 10 13 17 16 22 20 21 27 26 31 32 39 41 46 47 53 55 59 66 69 73 78 80 85 93 95 98 105 109 112 114 118 123 125 126 130 133 135 138 137 137 137 136 138 134 131 132 129 125 124 121 120 114 111 108 104 102 96 91 86 80 77 74 68 64 59 54 52 46 44 42 38 34 31 30 24 26 20 17 17 17 15 13 10 8 8 12 9 6 7 5 6 
6 7 8 8 8 6 10 11 13 13 14 15 19 19 20 23 28 27 31 33 36 39 43 45 47 53 56 60 64 69 71 76 81 85 87 90 93 100 101 106 108 112 115 118 121 124 122 125 125 126 127 125 126 125 125 123 121 118 115 110 108 107 101 99 94 91 88 84 79 74 72 67 65 58 54 50 48 44 41 39 33 34 31 27 23 21 20 21 18 14 12 11 10 11 10 7 8 7 7 7 6 
6 7 6 7 9 7 6 10 12 11 13 14 19 16 17 19 22 24 27 29 34 36 39 41 44 46 54 53 59 63 62 68 72 77 80 84 88 90 93 99 100 103 105 109 110 112 111 114 115 116 115 115 112 113 113 111 110 109 106 107 100 98 93 90 90 83 82 76 73 68 65 64 62 54 52 47 43 42 41 36 32 28 27 23 22 17 20 16 15 13 13 11 10 11 9 7 8 7 5 7 6 
5 4 8 9 6 7 8 9 6 11 10 13 14 13 16 21 20 23 22 25 30 33 35 37 43 42 45 48 54 57 61 64 68 72 74 76 82 82 89 89 92 95 94 102 99 101 105 105 103 105 104 106 105 103 104 101 101 100 95 94 90 87 85 84 81 76 72 70 66 62 60 56 52 51 46 43 39 38 37 30 29 25 27 24 20 20 18 15 13 11 10 9 9 8 7 6 5 5 7 5 5 
4 6 4 6 6 5 7 7 6 9 9 11 13 15 14 17 20 22 24 29 25 29 31 33 35 38 43 46 51 54 56 57 62 64 68 69 74 73 78 79 84 83 89 89 92 93 95 97 95 98 97 99 97 94 95 93 91 88 88 86 86 83 78 75 72 68 68 63 64 59 54 52 50 45 43 37 37 35 32 30 28 26 21 21 22 16 16 14 12 13 10 10 10 10 8 6 6 5 6 6 2 
5 5 4 5 5 8 6 7 9 9 9 11 13 14 14 15 16 17 18 21 24 26 32 33 32 38 40 42 47 48 49 51 55 59 60 63 65 68 72 72 78 79 80 81 84 86 86 88 86 89 88 87 90 86 85 86 84 84 81 79 78 76 70 68 66 62 62 56 56 51 49 43 44 42 39 36 34 31 30 27 25 23 20 20 17 16 17 14 10 13 8 10 8 8 8 7 5 6 3 7 6 
4 3 4 4 5 6 4 6 8 8 10 9 12 11 12 13 15 18 17 19 24 23 26 28 31 34 36 37 39 43 45 47 50 53 53 58 60 62 64 66 70 73 74 75 75 78 76 79 80 81 80 81 81 79 79 77 78 75 73 71 69 65 63 62 62 57 53 53 49 46 45 44 39 39 33 33 30 29 26 24 22 18 20 16 15 13 14 11 9 10 7 10 7 8 7 6 5 5 4 2 2 
5 3 3 3 7 3 7 5 7 7 9 9 8 10 13 11 13 16 17 18 20 22 23 25 29 29 32 33 36 37 42 44 46 49 49 52 53 57 57 63 63 67 65 68 69 71 70 70 71 72 73 73 72 72 72 68 70 69 66 68 63 60 60 56 54 52 50 50 46 42 41 38 36 35 31 31 27 27 23 23 22 19 15 14 14 13 12 15 8 7 7 9 7 7 6 6 8 4 2 5 3 
6 2 1 3 4 2 7 5 5 6 6 8 10 9 11 11 13 15 12 17 19 21 21 20 26 26 30 34 34 36 38 38 42 43 47 49 49 54 52 56 58 58 60 61 63 65 63 65 66 67 65 65 65 65 65 63 62 63 60 60 57 54 51 53 48 50 47 43 40 37 36 35 33 30 26 28 25 23 21 19 18 16 15 13 12 14 9 9 9 6 9 8 4 5 4 4 4 3 3 4 5 
2 1 4 3 3 5 5 8 6 4 7 6 8 8 9 9 12 14 15 16 15 17 19 19 26 23 22 26 31 32 33 34 37 39 43 44 46 47 48 50 54 52 55 56 56 57 59 58 59 61 58 58 59 57 59 57 57 55 54 54 50 49 50 45 42 45 43 39 37 35 35 31 30 27 27 24 21 19 18 16 14 14 13 10 13 12 9 7 9 7 10 5 6 6 5 3 5 4 2 2 3 
4 4 2 3 5 6 4 5 2 5 8 7 7 7 9 9 10 11 14 15 15 16 17 16 20 22 23 24 27 29 32 34 36 35 37 39 40 42 44 45 45 44 51 51 50 52 52 54 54 54 53 56 53 52 52 51 51 50 49 47 47 45 43 40 41 38 36 35 34 32 31 27 27 25 22 22 19 20 16 15 12 14 10 12 9 8 7 7 6 6 5 6 4 4 4 5 4 4 3 3 4 
2 2 4 3 5 4 3 3 4 7 2 4 6 7 7 7 6 12 14 11 16 17 16 16 17 19 22 25 24 29 25 29 28 32 33 35 34 35 40 41 40 42 45 47 46 47 46 50 48 51 48 48 47 47 48 45 46 46 43 43 41 41 39 38 35 34 33 32 32 30 27 26 23 23 20 18 17 18 17 13 13 13 11 10 9 9 7 8 6 6 6 2 5 5 3 2 1 1 1 1 3 
1 2 6 3 2 3 2 7 1 6 4 5 6 8 8 5 7 8 11 12 13 15 17 16 18 19 19 19 21 26 26 28 28 28 29 29 34 35 37 36 39 39 40 41 40 41 41 45 44 44 44 45 46 43 41 43 42 40 40 39 37 35 34 33 34 33 29 30 27 26 23 25 21 21 22 17 19 16 15 14 12 10 10 10 7 8 8 7 6 6 4 3 3 2 2 2 3 5 3 4 4 
1 1 3 3 2 3 3 3 2 4 4 5 4 5 6 7 10 8 9 10 11 11 13 12 16 18 19 16 18 22 23 25 24 26 26 29 29 31 33 35 34 34 37 37 38 37 38 40 39 40 40 40 39 40 38 37 36 38 36 37 34 32 32 30 31 30 26 28 27 23 25 22 19 18 20 17 15 14 14 12 11 12 11 12 7 8 7 6 5 5 4 5 4 2 2 1 3 4 1 3 2 
3 1 2 1 3 3 5 2 1 6 7 7 5 2 5 4 7 6 9 9 11 10 11 12 14 13 16 17 17 18 18 25 22 25 27 27 28 30 28 29 30 31 31 32 35 36 36 36 35 36 35 36 35 37 34 31 33 36 34 32 31 28 28 29 28 26 24 23 23 21 19 19 18 15 15 13 14 13 11 10 12 9 7 8 10 10 8 7 6 3 4 2 2 2 2 2 5 4 0 4 3 
3 1 1 2 0 1 1 2 3 4 4 1 1 5 4 3 6 8 6 8 7 10 13 14 13 14 14 14 18 19 18 20 19 20 21 23 24 25 29 28 29 28 31 30 30 32 33 33 34 30 33 32 32 33 34 33 29 33 30 27 27 27 28 27 25 24 22 22 20 22 20 19 17 16 13 12 11 11 11 10 9 8 8 7 7 5 5 5 3 4 4 2 3 4 2 2 2 3 0 2 0 
2 0 1 3 0 0 1 2 0 1 4 4 4 3 4 5 5 7 7 7 8 10 13 10 11 11 14 13 18 17 18 18 20 19 21 25 25 25 24 26 26 27 30 27 28 29 31 31 29 31 29 31 31 30 30 29 27 28 26 27 28 24 25 25 23 23 23 21 18 18 17 16 14 14 14 14 9 10 9 10 9 7 10 10 5 4 6 4 3 5 2 1 5 3 2 3 4 1 3 2 0 
2 3 0 1 2 0 2 1 2 3 2 5 4 6 5 6 5 5 7 8 8 10 7 11 13 11 13 13 16 16 19 15 18 19 18 20 22 22 23 23 25 25 23 26 28 26 29 29 28 27 28 26 28 27 27 26 27 28 26 24 27 25 24 21 21 22 19 17 19 16 16 15 15 12 12 9 12 7 7 8 10 8 10 8 5 5 5 5 3 5 6 2 4 1 3 0 5 2 0 1 0 
0 2 0 1 4 2 1 0 1 3 2 2 5 4 2 4 5 6 6 6 7 7 9 10 10 11 12 12 13 15 14 16 18 15 20 21 18 21 19 21 22 24 24 25 25 25 26 26 28 26 27 27 27 29 27 25 23 24 24 25 23 24 26 22 19 19 18 17 17 16 16 15 14 12 14 11 10 10 9 7 6 6 7 6 7 5 4 3 1 3 3 2 2 0 2 1 2 3 2 0 1 
1 1 0 0 2 1 3 3 5 3 0 5 8 5 3 2 5 7 7 6 5 6 8 8 11 10 12 11 12 12 13 14 16 17 17 19 19 19 19 23 23 22 22 24 24 24 25 25 27 24 25 26 24 28 25 23 27 25 24 24 21 20 21 20 18 18 18 16 16 15 13 12 12 11 10 9 8 9 9 9 7 6 7 5 4 3 3 6 2 1 1 2 2 2 0 1 2 1 1 0 2 
1 0 2 0 1 2 0 1 2 4 3 1 3 4 5 3 4 7 5 7 6 7 9 8 10 9 10 11 12 12 13 14 15 16 15 18 18 18 19 21 22 21 22 22 23 24 23 23 25 24 23 23 24 23 26 23 23 23 21 22 21 20 19 22 18 19 19 18 16 18 12 13 11 12 11 10 8 8 6 9 6 6 7 6 4 3 2 1 2 2 5 3 1 3 1 1 2 1 1 1 2 
0 2 2 0 3 3 1 2 2 4 4 4 5 2 8 6 5 5 5 5 6 11 10 7 8 10 9 10 13 12 13 13 15 15 17 17 18 19 19 19 21 19 22 23 23 24 23 25 25 22 23 24 22 22 23 23 24 21 22 21 20 19 18 21 18 18 15 13 15 13 12 12 13 10 11 13 11 8 9 6 8 7 6 6 7 3 2 2 4 3 2 4 5 5 0 2 2 0 1 2 1 