Parameters: 2 101 101 0.7
0 0 0 0 0 0 0 0 1 0 0 0 0 1 0 1 0 1 3 1 2 2 0 1 2 0 1 3 0 1 4 2 6 3 0 4 3 2 2 1 7 5 2 0 4 6 3 6 1 3 2 3 3 3 2 4 1 6 5 2 3 2 3 1 2 2 2 1 0 1 2 3 0 1 1 0 1 3 3 1 0 0 1 0 1 0 1 0 1 0 0 0 0 0 0 1 0 0 0 0 0 
0 0 1 0 0 0 1 1 0 2 1 0 0 2 1 2 0 0 1 1 1 1 3 1 0 2 4 3 1 1 3 4 6 4 3 4 5 5 1 3 4 4 6 5 10 5 5 6 10 8 7 6 6 9 8 6 5 8 10 8 6 6 4 5 5 4 3 5 8 5 2 4 1 2 3 0 2 2 4 3 1 2 1 0 2 1 1 1 0 1 0 1 1 0 0 2 1 0 0 0 0 
0 0 1 1 0 1 0 0 0 2 0 1 2 2 0 0 3 2 3 2 4 6 3 5 5 5 4 5 6 6 4 6 5 10 2 9 8 5 6 11 8 10 10 11 11 9 10 8 9 8 11 8 12 9 11 8 8 13 10 10 10 8 7 5 13 8 5 4 6 6 1 5 2 5 4 4 4 5 6 8 2 3 5 1 3 4 1 1 2 1 0 1 1 1 0 0 0 1 0 0 0 
0 0 0 1 0 0 0 0 0 0 1 2 0 1 2 1 1 2 4 3 3 3 2 5 4 5 6 7 9 4 10 7 10 14 10 16 9 13 9 15 15 17 17 15 14 16 12 13 15 12 11 9 14 9 9 11 8 16 8 9 19 12 16 4 13 12 5 7 6 11 8 7 4 10 6 5 4 6 4 4 3 5 1 1 0 2 4 0 2 1 2 1 0 0 1 2 1 1 0 1 0 
1 0 1 2 1 3 0 1 2 1 3 0 2 0 2 2 2 5 4 4 2 4 9 9 5 5 9 9 8 10 16 13 14 7 10 17 13 12 9 15 15 14 17 15 17 14 21 13 21 12 12 12 16 13 15 11 18 17 9 14 17 9 16 13 13 16 7 8 12 11 10 9 7 8 6 5 6 5 3 6 6 5 3 2 3 2 2 4 2 0 2 0 1 0 0 0 1 0 1 0 0 
0 0 2 0 1 0 0 0 1 4 2 2 2 2 3 3 2 1 6 3 8 9 7 6 8 4 9 12 11 10 11 13 14 11 14 19 13 14 17 16 19 17 16 24 21 20 26 26 22 15 15 21 26 21 25 18 22 16 19 20 16 20 15 18 15 16 19 16 11 5 12 15 10 8 10 13 10 10 9 7 5 1 4 7 4 5 4 4 1 3 3 2 4 1 2 2 0 1 1 1 0 
0 1 1 1 1 0 2 0 2 1 1 6 2 4 5 5 7 6 6 2 5 7 10 12 9 9 12 11 14 12 9 16 13 13 9 19 17 15 20 19 26 24 20 25 29 23 26 25 36 32 30 27 26 25 24 22 17 14 16 19 23 28 17 19 22 21 18 19 23 14 18 15 9 16 12 11 9 5 7 11 4 2 3 8 3 9 2 4 1 0 3 5 1 1 0 0 0 0 0 0 0 
0 0 0 0 1 2 2 0 1 2 2 4 2 3 2 4 4 5 5 5 6 12 14 11 18 14 8 12 19 22 16 18 13 20 19 21 23 29 27 27 26 21 19 24 30 32 34 29 41 26 29 27 26 28 31 31 20 24 27 21 27 29 20 19 14 17 21 17 17 14 17 17 13 16 11 11 12 11 11 11 6 9 2 4 6 6 3 4 4 2 2 2 3 1 2 4 3 0 0 0 0 
0 1 0 0 2 3 0 1 4 3 6 4 4 7 3 5 7 5 10 11 7 8 13 14 15 6 7 10 21 15 15 20 27 28 25 24 28 25 27 34 30 26 27 28 30 36 36 33 30 31 39 31 39 36 28 35 30 32 33 36 35 26 30 26 20 20 24 22 25 20 16 18 16 11 16 10 6 12 13 10 8 12 4 3 7 4 4 6 3 2 1 1 1 1 2 3 0 0 0 0 0 
0 0 0 0 0 2 1 2 2 3 7 4 3 5 6 7 11 5 9 12 13 13 8 11 13 12 10 13 15 19 21 24 23 23 24 27 38 37 30 28 40 28 40 38 43 39 35 39 35 39 42 44 47 44 35 31 32 33 37 40 38 28 26 27 32 29 22 19 21 18 18 21 21 10 16 11 9 15 8 13 5 8 10 9 10 5 8 5 6 3 2 6 7 1 0 1 1 2 1 1 0 
0 1 0 1 1 2 1 3 2 5 7 4 2 4 7 7 10 6 10 9 20 11 12 10 21 18 10 22 23 22 29 34 31 35 30 42 45 43 41 37 36 41 38 38 44 44 51 38 48 42 42 50 44 40 47 50 41 43 40 50 51 42 41 34 28 30 27 24 25 32 26 20 19 15 25 18 11 16 9 11 9 11 13 13 13 6 4 2 5 4 7 1 3 4 3 2 3 2 2 0 1 
1 0 1 1 3 1 3 2 5 4 8 3 8 7 7 7 10 7 11 15 14 13 11 14 19 23 16 28 34 29 27 32 40 38 31 41 38 44 47 40 39 45 47 51 38 54 56 44 47 52 60 47 43 53 50 49 50 57 41 34 44 48 45 38 29 44 34 33 30 30 21 29 24 25 23 23 18 22 10 17 8 13 8 9 11 7 4 8 5 5 4 6 3 4 3 1 1 2 0 0 0 
0 1 1 1 4 2 2 3 5 4 9 6 8 10 10 11 9 15 19 18 12 18 20 20 15 21 28 26 27 30 31 36 34 35 44 41 41 43 44 43 46 47 43 53 57 62 51 57 54 65 60 59 58 56 46 52 52 54 51 49 58 36 46 49 33 56 48 42 34 35 40 23 31 24 18 20 17 24 19 22 13 14 13 14 15 11 8 13 12 9 4 7 4 7 4 1 3 1 1 0 0 
0 0 0 3 1 2 5 2 4 6 8 7 4 3 7 9 12 16 14 22 22 22 19 25 28 24 33 23 21 25 36 29 30 40 41 45 44 57 50 47 48 59 57 63 68 51 59 62 59 75 63 70 58 67 56 53 62 61 57 65 59 61 61 46 44 48 41 37 39 30 37 32 36 25 24 24 20 29 25 12 14 21 14 10 11 6 10 10 7 2 4 6 2 2 4 3 4 3 1 0 1 
0 0 0 1 4 2 6 4 4 8 8 9 6 9 7 11 16 19 11 19 19 20 21 32 33 31 30 29 36 29 53 47 42 48 48 45 52 51 60 67 68 53 72 82 70 70 61 73 77 76 65 71 61 75 73 70 68 58 59 70 56 65 66 48 49 53 54 41 46 45 44 33 36 32 22 30 21 21 28 21 18 10 18 17 17 13 16 9 12 8 5 9 6 5 4 4 2 1 3 0 0 
0 2 1 3 5 3 4 7 5 9 6 8 11 14 15 14 20 23 16 20 27 30 24 23 28 36 32 39 37 43 46 41 49 46 54 54 69 51 63 68 66 67 74 65 75 73 75 80 71 83 86 70 78 78 82 75 71 73 77 69 74 66 67 64 61 59 59 55 48 46 40 34 40 46 37 36 30 27 30 22 19 21 14 14 19 16 9 13 9 7 4 9 8 7 7 7 1 2 0 2 2 
0 0 2 4 1 1 5 4 7 8 13 12 13 12 16 13 20 26 24 31 23 24 19 20 30 33 37 44 37 56 35 37 58 52 60 57 73 58 67 79 65 83 87 75 85 83 81 72 82 88 76 73 73 82 92 82 78 78 85 77 73 70 62 71 67 68 60 56 44 47 58 59 40 39 30 30 37 31 37 33 22 23 19 17 13 14 12 12 12 11 4 7 4 7 4 3 2 2 1 2 1 
0 2 2 3 4 3 7 5 6 9 9 12 13 13 16 15 18 19 17 19 22 29 35 40 45 38 49 59 49 47 55 55 61 67 65 66 68 81 78 86 90 86 86 87 83 99 83 91 96 89 98 103 88 89 92 92 95 90 77 94 84 74 76 73 65 74 67 66 51 58 53 47 39 32 39 38 42 29 30 33 25 33 23 20 16 17 20 15 13 14 9 6 7 7 5 2 5 4 1 1 0 
0 2 2 6 3 1 5 5 9 9 5 12 9 13 17 14 23 23 19 19 24 25 32 32 45 46 49 54 51 49 72 72 69 81 90 79 71 80 89 89 100 84 99 101 109 106 86 113 117 99 129 119 92 112 102 103 88 93 108 83 105 104 97 92 80 77 83 76 57 60 57 65 56 48 44 42 40 41 46 30 24 32 22 21 19 13 6 12 15 16 12 8 3 5 5 2 5 1 2 1 1 
1 1 2 5 6 2 9 5 10 11 16 14 13 14 19 18 26 29 29 22 31 41 48 38 42 42 52 53 69 68 63 74 71 79 86 77 87 95 94 119 114 91 97 107 109 120 110 108 123 113 134 117 113 119 111 126 118 118 110 91 103 102 91 93 105 90 76 73 64 70 63 68 49 44 57 52 50 52 35 32 30 25 32 24 24 24 19 14 13 11 12 8 3 5 5 6 5 2 3 1 0 
0 3 1 2 5 5 8 9 16 10 14 8 15 19 19 20 27 25 19 30 41 37 46 43 51 49 52 50 47 70 68 78 81 101 86 81 98 99 84 113 110 109 117 123 107 116 111 117 135 127 126 124 120 121 132 133 131 117 121 108 102 96 103 109 91 85 73 84 86 83 73 69 71 56 68 48 42 48 38 43 35 32 32 27 28 25 15 14 12 17 16 13 11 6 4 6 5 6 4 2 1 
1 3 1 4 2 6 9 9 19 15 10 15 19 17 17 31 26 27 31 34 36 39 51 43 46 58 63 59 64 78 83 83 81 90 103 94 110 100 103 122 118 129 123 126 125 115 111 122 135 134 170 156 155 129 124 135 136 115 113 122 130 114 113 114 104 102 93 91 75 79 81 89 67 62 59 51 57 41 38 35 31 38 36 29 17 19 18 15 20 15 14 15 11 10 6 3 9 4 3 3 0 
0 0 2 3 4 5 11 13 14 16 14 15 20 21 20 29 28 34 46 41 48 48 50 61 48 48 60 71 82 80 82 82 89 98 108 114 134 131 103 135 118 149 147 122 128 131 144 145 151 137 150 150 162 148 144 149 141 126 142 136 135 125 127 116 104 110 100 115 100 72 87 89 72 66 57 57 45 46 47 46 45 40 35 29 31 28 23 18 17 16 13 13 10 4 11 3 9 7 2 3 2 
2 1 2 3 2 7 9 7 11 15 17 20 29 25 22 20 37 32 35 48 50 58 52 56 57 60 69 76 89 89 75 90 94 84 113 122 111 136 127 131 141 160 138 155 162 153 169 160 142 153 162 158 178 177 173 152 162 145 131 134 128 140 135 135 117 107 114 105 96 83 94 84 71 60 68 59 62 69 57 45 48 46 35 35 37 26 20 29 23 25 22 14 11 9 10 5 4 1 3 0 1 
1 2 3 6 7 5 11 14 10 18 16 16 24 21 28 28 32 41 37 39 46 51 67 54 62 69 88 68 92 109 101 97 113 102 131 120 124 137 128 148 125 149 170 163 156 156 147 161 150 151 162 152 167 164 167 150 173 175 153 154 150 160 161 144 119 127 96 95 108 100 106 79 87 86 78 71 70 64 66 54 38 55 39 34 33 33 17 20 17 20 13 21 14 11 11 5 6 3 1 2 1 
0 3 4 4 8 5 11 11 12 17 14 15 14 25 19 32 34 38 44 51 45 50 65 63 75 65 95 82 110 114 108 111 93 109 125 135 138 147 156 166 161 170 166 171 180 186 184 178 173 179 186 172 184 191 176 181 184 176 178 161 154 163 161 137 131 129 119 124 109 110 87 96 104 86 78 71 64 74 70 59 47 54 44 38 35 26 24 22 16 16 14 12 16 10 10 9 8 5 3 3 1 
2 2 6 6 10 13 13 15 19 16 14 18 22 32 25 39 32 39 52 47 42 60 71 87 87 102 90 91 107 112 109 113 123 145 128 147 145 148 176 168 168 167 161 177 185 198 210 191 203 188 188 190 192 189 172 184 194 194 182 182 173 170 180 152 151 139 135 123 121 118 104 115 105 100 93 88 81 75 68 54 50 49 41 38 31 31 30 30 25 22 20 17 12 10 10 8 4 7 8 3 1 
3 3 3 7 7 11 8 9 14 13 23 28 29 33 35 33 38 40 51 56 53 71 66 82 74 93 93 114 111 98 131 134 151 138 146 154 161 168 184 173 186 199 194 185 209 218 196 213 226 201 207 200 214 229 226 217 193 173 183 177 173 183 167 168 160 152 134 126 139 121 115 116 109 111 101 80 76 72 74 53 58 57 43 47 37 41 32 30 26 28 18 14 17 12 14 8 6 5 4 2 2 
0 1 3 6 8 9 11 16 13 17 20 23 32 32 32 40 37 49 58 72 63 73 72 79 95 94 84 91 101 120 142 135 129 141 145 155 168 190 191 186 193 185 199 210 214 208 227 226 224 215 250 237 222 233 252 237 189 206 221 214 208 199 179 185 160 167 172 166 149 144 135 127 115 98 86 105 83 78 83 75 64 57 48 39 39 43 40 25 29 21 17 16 19 13 12 9 11 5 3 4 1 
2 3 5 7 8 8 12 14 24 20 27 25 23 44 40 46 36 55 50 62 68 75 75 95 93 110 94 105 120 138 127 145 154 177 175 187 206 201 195 207 204 211 223 233 238 241 259 271 251 233 237 257 249 229 226 235 242 225 222 213 223 210 204 203 194 165 173 169 147 164 142 123 128 97 94 92 90 92 71 69 56 52 50 49 50 45 42 30 26 17 31 25 17 14 9 11 8 5 3 2 1 
0 3 8 5 9 13 16 9 23 16 30 33 33 38 40 48 49 55 54 61 58 78 90 91 100 106 118 124 145 129 146 168 155 162 162 182 191 203 208 206 209 223 233 254 260 275 252 240 231 242 263 264 254 241 241 259 248 249 252 213 222 230 202 185 211 182 174 172 160 148 159 148 143 124 126 122 100 96 85 77 73 69 52 52 43 49 51 42 27 28 26 23 19 15 8 8 9 6 5 2 4 
2 3 5 9 11 10 14 17 17 17 40 41 26 31 32 50 45 59 60 72 77 79 95 88 105 93 125 128 133 148 157 173 166 188 174 198 191 220 223 247 240 219 245 258 256 271 282 267 264 260 296 265 270 247 250 258 225 249 260 227 252 242 220 207 213 196 194 186 182 148 153 147 133 137 132 119 97 106 92 67 72 71 48 53 53 47 42 27 34 38 32 25 23 19 19 15 9 10 7 5 3 
3 6 5 8 11 12 18 18 15 22 25 36 32 41 36 46 42 59 72 76 84 92 106 99 108 126 134 145 136 143 179 174 187 189 165 202 217 219 214 232 242 260 272 281 293 271 275 250 297 274 300 278 284 269 258 271 258 262 277 288 275 237 235 235 236 215 210 188 178 176 165 162 148 143 131 113 103 94 101 90 82 74 67 65 66 52 38 39 45 27 35 25 19 27 21 16 6 8 8 7 3 
3 8 6 8 10 14 17 17 15 25 23 34 34 45 55 49 53 62 62 73 87 81 94 101 109 121 129 156 151 144 173 171 194 204 227 216 214 220 250 252 242 273 285 260 267 280 308 296 332 300 300 293 303 292 271 285 300 301 283 276 256 243 260 238 209 221 207 188 180 176 160 179 131 132 132 109 94 94 103 85 81 76 69 58 63 43 52 49 36 32 27 29 15 21 21 9 8 9 7 5 4 
3 6 5 9 12 19 15 25 28 24 30 43 47 53 51 52 69 69 71 82 102 96 98 118 108 121 142 147 160 167 177 208 221 216 229 223 238 237 248 260 267 292 290 305 310 305 305 303 331 332 319 340 312 298 310 294 292 295 291 264 290 269 245 242 230 214 224 203 189 184 172 173 166 155 125 123 121 108 109 95 77 83 68 67 65 46 37 52 35 35 33 29 28 19 27 14 8 11 5 4 1 
2 3 7 8 14 17 12 16 26 24 26 24 34 44 55 54 73 75 61 78 89 94 104 120 100 127 156 151 159 184 187 179 216 206 239 238 238 259 264 279 279 290 293 313 321 322 300 301 297 317 340 368 360 324 315 311 297 300 290 261 279 285 243 257 264 236 237 217 213 210 182 169 173 162 132 130 131 112 90 92 93 83 63 68 59 58 47 57 37 32 38 25 24 24 18 15 13 14 10 7 2 
1 4 10 14 16 20 23 23 23 30 28 35 47 36 62 49 54 82 72 98 82 96 103 126 131 145 157 155 158 195 188 223 218 239 240 278 229 253 263 263 291 286 315 286 304 322 353 321 325 327 349 343 357 367 325 305 302 313 307 309 307 305 288 265 273 259 253 235 191 211 200 174 154 157 149 161 149 135 110 79 90 75 73 72 75 66 51 60 45 39 43 28 28 30 16 17 10 6 5 5 3 
2 2 7 13 12 13 20 17 23 40 37 48 54 43 59 68 59 66 74 87 91 106 127 131 141 141 157 184 164 189 203 251 215 248 248 260 273 295 292 296 325 300 347 317 325 287 348 338 361 352 390 343 343 343 359 345 323 354 310 315 336 293 309 284 281 261 250 250 244 228 198 210 182 175 152 156 130 119 119 99 99 92 78 70 78 71 58 63 42 31 38 32 28 19 19 16 16 10 6 5 3 
1 2 3 11 14 15 23 32 31 30 33 38 37 42 47 61 80 98 85 90 107 105 118 131 146 145 137 175 191 193 195 229 223 243 275 272 299 282 283 302 319 311 362 349 382 348 363 376 364 343 376 383 384 356 359 350 352 367 354 328 308 315 311 305 269 282 250 247 228 205 215 205 191 154 150 171 142 146 127 112 98 102 89 79 65 68 55 63 51 39 41 38 33 28 28 19 15 16 7 3 1 
0 4 9 7 15 16 17 29 33 29 39 33 46 61 55 64 76 88 86 98 102 126 129 130 142 154 161 196 198 213 228 234 236 268 267 266 270 312 321 316 336 328 348 342 373 356 383 400 347 364 356 402 396 364 392 367 358 347 358 361 317 300 290 314 303 277 264 281 251 223 217 209 199 168 176 162 152 147 125 119 108 98 80 76 69 62 68 44 49 42 41 29 27 21 14 13 14 16 8 4 0 
2 4 13 9 17 15 20 28 35 33 37 42 48 54 55 61 80 96 83 108 124 119 132 147 137 147 158 165 172 198 215 232 234 248 263 271 295 311 322 329 333 331 326 353 370 371 372 392 394 433 377 394 392 383 410 378 337 393 394 350 339 311 329 316 309 287 273 262 252 234 211 203 181 187 169 161 173 125 121 111 104 94 91 84 76 75 58 42 55 33 44 32 38 39 20 17 18 12 7 5 3 
4 4 10 13 16 17 30 25 35 36 30 43 54 54 68 61 70 85 101 106 119 120 137 149 152 182 196 202 198 198 232 255 263 256 290 278 289 311 347 356 334 379 361 385 391 411 408 410 422 429 406 402 428 392 401 436 389 365 347 347 358 353 328 302 292 291 280 270 278 224 219 243 198 198 183 162 158 135 141 118 122 105 87 77 63 66 62 57 48 49 42 33 23 34 20 18 11 15 10 7 1 
4 6 8 10 15 20 25 27 40 29 37 45 51 56 59 79 80 89 112 102 121 125 154 159 167 190 197 200 232 219 240 240 267 289 280 303 307 313 339 351 362 366 374 389 416 407 416 401 427 425 408 440 460 412 417 411 381 399 393 365 363 338 333 310 289 279 295 274 261 249 246 211 195 197 179 183 154 173 125 103 123 105 100 82 57 75 66 54 48 54 38 38 26 31 23 15 17 18 10 10 2 
5 8 15 14 15 29 24 25 39 33 45 43 55 58 60 86 80 83 92 101 126 136 146 158 183 182 205 203 217 208 242 244 271 270 285 331 323 323 343 372 362 361 366 408 432 382 408 401 413 440 422 444 426 447 441 448 390 395 390 360 362 337 354 341 298 304 310 293 272 257 237 234 254 213 199 191 168 160 129 109 118 94 76 88 76 68 52 60 58 49 42 36 35 28 20 21 19 18 9 2 2 
3 4 12 10 16 19 30 31 37 39 42 47 52 66 59 81 89 102 106 99 110 126 141 144 153 168 168 212 244 217 237 245 256 284 289 336 305 339 371 385 327 406 420 404 390 402 420 408 436 449 455 453 428 463 431 416 417 417 406 395 360 347 345 320 309 308 284 283 270 258 248 252 227 202 194 169 164 151 147 114 117 99 94 70 74 77 66 60 62 50 41 31 27 26 19 25 20 11 13 6 5 
4 7 5 11 16 22 28 21 36 40 43 52 52 66 66 83 81 88 97 119 107 135 140 158 153 202 199 201 211 212 241 234 279 276 291 319 315 353 347 365 393 430 423 415 401 420 413 415 410 404 449 408 438 423 437 423 429 427 382 369 363 402 355 342 336 298 294 304 293 240 247 252 229 204 171 171 156 152 154 141 122 120 99 96 93 82 74 68 60 56 55 42 32 30 22 17 11 8 3 8 2 
4 8 10 17 18 23 30 35 46 44 41 46 56 65 69 88 105 92 104 123 119 140 136 157 177 184 180 208 240 227 282 251 274 270 284 323 328 380 369 365 386 402 413 395 438 439 429 466 438 450 468 438 492 456 433 424 424 416 412 396 365 352 336 356 331 319 320 283 290 288 268 274 236 204 206 178 157 143 129 140 130 111 105 108 86 84 73 62 55 48 38 38 28 31 28 22 14 11 7 8 4 
4 3 7 12 23 31 28 33 33 36 38 52 67 63 76 78 91 95 102 116 126 129 139 131 167 195 197 195 219 218 249 267 275 297 291 341 344 379 357 372 368 404 387 399 471 438 422 458 414 430 489 477 454 441 425 425 431 416 417 390 366 371 363 336 327 316 272 324 291 261 253 232 232 210 199 175 180 142 152 128 120 88 97 95 82 73 79 66 64 52 39 40 31 27 27 14 22 16 11 7 2 
5 6 9 10 21 28 22 25 42 44 40 47 66 53 67 73 78 99 94 107 140 129 145 164 183 210 178 196 244 256 247 240 279 281 296 305 355 384 372 393 403 431 417 387 410 437 456 446 439 461 439 464 470 463 419 421 427 414 428 395 399 380 340 352 317 307 328 319 315 280 263 226 249 201 203 171 189 155 159 135 121 121 106 71 81 84 67 61 59 45 44 48 32 23 19 21 23 15 10 5 2 
2 13 9 11 14 19 17 29 31 44 31 38 50 57 69 70 95 101 100 116 129 121 160 163 167 197 199 224 235 264 233 261 289 289 318 314 348 378 363 393 423 433 423 411 459 457 445 440 451 458 493 482 445 451 431 424 436 420 413 399 410 375 356 353 352 325 307 287 293 270 265 219 217 201 167 181 183 156 141 130 110 103 104 88 94 75 57 68 47 52 45 35 34 24 17 26 19 11 9 7 6 
4 6 6 10 15 23 24 33 36 48 43 51 55 60 82 74 91 95 102 118 142 134 156 161 169 163 182 239 230 248 232 273 276 302 315 314 331 366 362 374 385 394 456 428 413 456 433 430 452 429 454 467 434 437 446 419 440 447 410 386 374 369 381 351 333 350 333 292 280 276 247 241 213 204 191 184 175 165 151 140 126 111 117 100 86 73 74 64 46 60 46 29 37 30 26 19 13 15 18 5 3 
4 4 8 12 15 15 20 31 34 33 48 41 46 69 69 79 87 101 111 105 128 127 151 168 190 183 192 215 206 233 264 292 273 295 320 329 345 358 363 362 398 422 427 433 421 411 434 421 430 445 443 462 446 461 457 446 414 413 418 381 402 367 373 380 322 350 342 299 280 279 265 254 255 234 190 176 172 178 155 143 127 116 112 109 85 74 76 63 55 51 52 38 49 25 21 18 21 17 10 5 2 
1 6 13 15 23 18 21 32 42 33 46 52 69 73 75 83 91 107 114 109 119 128 147 154 162 190 209 197 214 238 256 280 278 289 299 320 357 343 371 382 392 404 401 413 401 449 483 455 459 442 449 459 447 446 450 441 434 435 447 400 390 346 365 346 317 326 317 293 307 301 240 210 221 207 200 204 177 172 136 147 135 121 92 98 93 83 84 76 55 52 46 37 41 26 21 25 20 10 8 5 3 
3 4 13 14 14 17 30 34 39 38 38 47 56 52 60 72 80 92 106 106 122 133 147 173 173 172 185 208 216 221 234 286 282 278 332 335 313 327 367 378 396 411 422 418 431 456 444 455 442 467 475 459 443 424 427 426 420 459 413 391 390 367 351 347 325 317 309 300 282 265 232 229 217 192 198 172 176 147 145 145 130 113 89 89 77 60 62 72 59 55 41 41 40 37 27 20 14 8 10 6 2 
3 5 13 11 10 17 26 33 31 41 47 47 48 55 65 84 85 78 103 110 117 131 141 172 165 176 190 209 213 235 242 270 303 289 287 336 329 364 385 371 389 384 417 400 417 425 420 439 458 454 437 448 420 457 438 435 408 393 394 387 418 396 344 328 320 334 314 315 285 285 250 221 220 211 195 191 159 163 169 149 108 105 105 85 85 94 69 53 58 46 38 43 37 24 23 18 22 24 12 5 3 
3 5 8 8 17 24 31 28 32 40 41 53 61 48 56 57 87 92 110 108 117 133 134 151 155 178 183 200 239 237 258 263 270 287 303 307 329 329 332 370 407 398 414 388 421 458 451 461 433 434 450 458 425 444 399 416 414 400 416 369 381 375 365 375 344 308 307 286 268 248 237 231 214 211 203 170 127 162 152 137 122 126 105 97 79 78 73 63 60 57 43 37 37 26 21 15 20 15 8 6 3 
6 4 8 13 17 18 24 25 28 34 40 44 53 52 71 67 77 89 110 120 118 127 148 160 157 179 200 211 218 221 245 261 266 273 283 318 333 343 364 378 379 383 427 429 404 417 428 463 406 440 417 429 414 423 414 429 435 425 419 409 371 349 354 348 344 312 299 284 283 238 232 215 205 213 178 187 172 145 134 127 118 103 102 87 76 75 66 52 52 43 41 33 28 30 29 25 17 10 6 5 3 
4 5 9 11 14 19 16 23 25 34 46 54 53 60 71 67 75 101 100 117 130 137 161 155 161 157 191 220 206 208 242 240 264 290 276 326 306 322 353 348 355 367 379 398 393 423 400 403 421 415 422 448 443 414 404 412 423 414 398 404 376 360 346 334 298 304 304 274 279 248 222 238 215 197 182 199 153 140 146 128 117 98 97 88 87 74 59 55 60 60 39 35 31 25 25 19 13 9 11 6 7 
4 4 7 12 23 24 22 28 28 39 37 47 46 49 68 61 76 87 83 100 118 125 142 133 162 170 186 190 195 224 233 245 268 273 291 316 313 323 328 333 360 374 403 390 403 432 420 414 422 407 409 455 413 411 392 393 401 372 369 397 358 360 354 311 290 324 292 272 263 254 238 229 213 180 181 172 158 149 146 129 116 103 103 96 83 78 72 72 50 31 33 38 24 18 18 20 19 11 11 8 2 
5 7 11 11 12 23 19 17 31 45 34 49 56 56 67 56 75 98 91 95 109 105 125 149 151 170 177 209 198 198 232 243 251 252 285 290 296 310 336 355 353 352 367 379 377 425 393 379 426 448 385 409 366 409 373 403 382 370 373 359 356 353 317 302 275 313 269 260 289 234 228 205 180 168 179 160 154 145 132 115 112 102 90 73 72 63 67 64 48 38 43 40 31 27 24 21 16 14 11 5 2 
1 3 10 8 13 22 26 26 27 28 40 45 48 63 64 68 74 86 90 109 108 110 119 137 163 156 175 197 206 200 227 236 248 262 266 288 294 323 302 316 328 354 359 382 380 403 374 376 410 383 368 398 369 408 376 362 365 362 377 354 364 376 313 315 285 271 268 281 298 236 225 199 201 201 170 164 149 131 140 126 108 91 86 77 69 61 56 58 58 42 48 34 36 20 21 19 13 7 10 3 2 
3 12 12 6 15 17 18 28 19 35 40 47 45 52 57 56 73 86 96 89 101 115 119 134 166 162 171 188 191 192 183 224 220 241 273 277 282 302 315 343 365 339 334 370 341 359 365 385 364 346 390 417 378 368 394 360 352 358 364 318 328 350 324 298 306 265 263 254 264 244 219 200 189 185 161 175 143 145 124 116 121 90 77 84 83 73 60 56 47 40 43 31 32 23 14 18 10 10 7 6 5 
4 8 7 12 19 27 20 32 28 30 34 35 44 56 51 46 70 70 95 91 106 101 113 121 155 164 160 158 188 200 195 219 229 238 267 289 294 284 308 320 333 326 365 342 320 370 367 375 381 388 374 371 359 358 369 370 351 337 332 327 317 303 307 287 275 261 277 248 242 219 210 233 173 163 168 151 118 126 123 111 113 84 88 86 78 61 53 52 44 44 43 27 30 22 14 14 11 7 8 4 1 
4 6 10 10 14 18 18 21 28 27 37 38 48 53 53 57 58 85 98 98 102 93 120 118 126 134 159 164 163 181 210 216 233 219 239 259 272 308 297 280 314 308 338 341 330 327 321 367 360 358 376 380 386 383 356 331 357 336 320 311 306 305 286 300 277 251 261 245 241 220 223 204 176 172 153 142 138 122 114 112 111 80 92 63 69 68 61 55 54 48 34 33 36 23 22 13 18 9 8 1 2 
4 5 11 13 12 15 21 23 24 20 36 24 42 47 52 67 63 73 78 86 98 90 117 136 117 134 154 172 169 176 191 196 217 224 247 258 269 270 266 282 294 312 346 339 345 309 347 346 324 354 354 364 331 330 337 335 341 317 314 296 277 269 290 281 278 251 236 231 217 187 196 197 177 145 148 165 124 119 107 87 97 82 88 63 69 61 54 50 49 45 32 36 28 21 20 19 15 9 6 2 1 
1 1 7 7 8 15 12 20 18 24 36 34 39 42 47 63 69 66 76 87 78 86 111 119 132 125 141 165 173 189 173 195 194 217 224 243 263 283 276 279 279 277 349 334 317 313 339 347 302 328 315 338 323 325 336 325 301 313 321 279 285 276 260 259 247 238 227 221 215 191 195 180 170 150 156 125 122 118 94 87 91 91 86 59 60 53 55 47 44 39 35 36 18 18 14 12 10 10 7 4 3 
5 5 4 12 7 19 13 25 15 22 29 42 40 50 38 51 60 65 70 86 88 101 108 106 149 121 147 172 150 172 166 178 204 222 215 222 240 223 243 259 275 262 298 306 289 279 313 341 319 335 317 329 325 343 317 300 294 289 274 287 280 249 247 236 262 244 216 202 179 190 186 162 163 161 151 125 120 120 137 108 87 84 82 68 55 50 51 48 43 32 28 22 26 22 16 14 14 6 7 6 8 
3 6 9 10 11 13 15 20 22 27 21 35 30 50 42 51 57 67 69 86 77 95 104 97 119 107 136 149 160 137 181 176 188 180 215 191 239 232 269 255 259 253 267 271 269 292 324 311 281 253 278 293 295 334 284 274 291 300 276 296 270 255 236 234 241 208 205 209 189 169 160 169 164 151 126 123 107 110 95 93 68 58 68 56 59 55 47 40 39 31 29 18 18 21 16 9 11 5 6 4 3 
3 1 10 11 10 13 16 18 29 26 24 40 40 48 48 54 51 56 53 69 81 90 95 103 117 99 115 137 141 147 160 183 186 179 217 208 211 216 237 254 254 247 261 270 263 268 281 297 281 282 289 277 310 314 273 249 273 261 231 272 234 231 243 240 222 195 198 190 187 161 159 159 153 153 126 125 110 104 90 94 76 74 67 58 52 43 45 34 27 32 24 23 19 24 20 12 9 8 6 6 3 
1 4 3 7 10 15 19 21 23 22 28 36 31 27 38 46 46 48 61 62 69 89 92 101 104 103 120 129 130 158 167 160 172 158 178 191 217 234 237 240 236 230 240 267 263 257 264 273 257 273 293 262 257 249 265 259 277 259 233 244 235 231 225 200 211 197 191 177 180 179 143 136 145 134 109 118 103 92 94 90 65 61 60 61 53 50 49 34 31 31 26 19 19 19 14 17 13 8 3 5 2 
2 2 2 5 14 11 10 18 30 20 20 31 35 42 38 54 57 67 70 74 78 86 94 90 98 107 110 121 118 129 132 153 209 170 189 182 181 187 239 218 194 222 234 237 251 251 215 251 243 223 259 255 262 278 257 256 235 242 243 232 238 221 217 205 209 206 182 158 162 147 142 130 127 122 113 101 93 91 94 92 70 63 54 58 55 40 34 37 32 22 29 20 23 16 10 13 5 4 5 5 2 
2 4 7 11 14 6 13 16 15 14 26 35 35 31 26 36 38 51 50 50 68 73 90 74 85 88 105 101 106 128 138 133 165 141 172 196 175 174 219 203 208 222 240 242 229 277 235 233 248 232 217 261 247 232 218 236 240 221 228 211 199 189 202 203 187 183 171 153 125 126 131 115 108 101 107 90 92 92 70 64 81 79 53 56 57 40 34 22 26 26 23 16 21 20 15 11 7 8 4 2 2 
0 4 5 8 5 10 16 16 19 14 19 27 33 28 37 30 50 45 57 51 71 59 73 75 80 79 108 99 96 124 138 134 140 138 160 166 178 174 192 190 196 206 221 212 201 236 212 227 227 226 231 235 217 225 219 220 214 231 219 209 224 190 178 171 180 157 155 158 139 145 118 107 101 118 113 87 93 81 74 77 76 76 56 43 33 32 39 30 31 25 21 15 19 13 10 13 6 6 6 5 3 
1 3 3 4 11 11 14 11 14 15 22 24 24 31 34 44 36 52 46 48 65 59 79 73 89 79 91 110 106 130 125 145 133 151 172 156 164 162 161 178 172 184 192 191 189 205 203 216 204 207 215 218 221 225 198 217 188 202 194 186 176 178 183 178 157 155 149 131 135 129 114 126 104 102 106 81 81 68 55 60 53 58 46 49 45 38 26 27 27 23 22 20 18 20 11 7 6 4 5 3 2 
0 4 4 5 9 5 11 15 15 21 16 21 25 27 25 33 35 47 44 55 51 49 67 67 83 74 84 103 89 108 126 113 113 141 147 140 162 159 161 187 182 168 172 185 173 199 211 179 172 214 206 239 227 202 193 191 194 180 167 171 166 175 169 172 155 147 133 123 108 137 123 117 103 88 98 75 81 63 58 59 65 51 44 48 33 37 29 25 26 28 23 16 8 14 9 7 6 7 3 1 2 
0 5 6 8 7 8 14 11 8 20 17 24 18 17 29 35 39 40 49 59 52 53 61 63 64 76 81 82 92 103 114 111 104 124 136 124 142 132 177 149 145 178 160 172 166 173 205 176 166 195 175 178 177 188 198 158 176 160 153 171 170 172 159 146 134 144 124 122 108 132 111 116 97 77 88 64 63 60 62 60 63 42 43 44 33 38 33 25 19 21 18 15 12 13 11 8 5 6 4 4 1 
0 3 3 7 5 6 15 13 11 16 20 26 24 31 29 36 42 42 37 35 41 51 59 43 58 71 81 79 86 87 96 127 118 96 108 122 130 119 124 149 143 142 153 182 172 158 155 146 167 178 168 171 152 154 187 161 167 160 149 152 149 140 128 131 133 116 102 131 122 105 96 102 87 70 76 71 58 74 55 56 52 49 42 36 31 42 31 27 24 19 20 14 20 13 12 7 4 3 5 3 3 
0 3 3 5 7 5 8 17 14 15 17 15 22 24 30 31 35 30 33 40 42 52 53 46 63 71 81 55 80 89 84 110 106 94 112 121 135 130 105 128 136 146 121 141 163 163 176 180 164 157 162 156 164 156 158 160 150 135 130 128 145 141 117 112 131 128 108 104 105 94 104 91 88 70 65 69 60 59 56 47 33 35 26 34 35 33 20 24 25 22 15 11 15 10 12 12 7 4 1 2 1 
1 1 3 3 7 8 10 7 10 10 15 18 22 18 24 25 34 31 31 33 33 38 34 49 60 70 78 75 95 68 90 108 98 97 98 111 112 114 113 123 129 132 126 152 163 128 144 156 124 118 147 144 142 156 145 152 136 147 151 127 115 124 116 124 114 108 101 104 93 74 85 84 73 67 67 67 56 53 56 40 41 33 27 36 29 17 11 17 18 23 15 14 13 9 7 8 7 7 3 1 0 
0 2 3 2 6 9 7 7 13 9 11 16 14 15 25 26 31 26 34 33 36 43 55 44 46 49 50 75 79 68 79 69 85 96 95 110 109 115 117 108 103 114 133 146 127 139 128 140 126 108 124 135 146 154 149 139 127 126 112 120 122 110 112 124 111 102 84 83 84 87 77 67 74 66 45 52 33 45 56 38 40 34 25 27 23 23 24 18 18 14 17 9 7 6 6 7 6 5 3 1 1 
0 0 3 3 3 9 9 3 14 8 14 17 17 18 25 19 26 30 31 20 21 34 47 44 53 51 52 69 71 60 69 73 76 80 76 93 114 112 115 102 107 112 99 118 100 123 119 125 139 116 122 134 122 119 134 124 136 125 115 106 106 108 85 84 92 75 78 90 82 85 75 72 75 62 54 61 42 48 47 36 37 29 28 24 29 27 24 18 19 14 13 10 18 10 5 3 2 3 1 2 2 
2 0 2 2 7 8 7 2 14 10 12 13 14 16 20 18 19 27 27 29 34 39 34 37 40 38 47 54 59 53 69 66 74 57 73 92 87 87 95 98 97 110 96 112 111 108 114 102 104 105 110 112 118 108 97 100 106 121 106 91 95 102 101 99 101 83 69 84 75 58 61 67 62 47 46 56 48 43 44 38 40 28 28 34 23 20 15 13 14 12 8 10 12 9 4 4 4 6 2 1 2 
0 0 1 3 5 5 8 8 10 14 14 14 20 16 16 17 15 18 26 30 25 25 36 30 35 37 44 55 59 61 52 48 60 70 67 75 70 76 74 94 96 89 94 102 95 101 104 109 92 109 102 90 98 98 101 100 99 100 93 102 84 84 78 87 79 78 80 77 64 60 58 53 49 53 54 54 36 38 29 35 27 26 22 26 17 25 12 15 18 8 4 13 7 8 11 3 2 5 3 2 0 
0 1 3 3 2 3 6 3 3 12 11 14 12 12 15 13 20 24 25 24 33 26 38 32 43 47 51 49 39 50 42 42 59 71 59 71 66 65 65 85 82 87 82 86 100 101 92 96 87 96 95 113 81 84 90 90 94 86 74 77 80 83 75 89 83 71 62 64 57 56 50 53 42 35 42 40 32 38 24 34 37 30 18 18 20 15 14 15 12 9 8 11 7 4 4 5 6 3 1 1 1 
0 2 3 6 3 3 6 9 8 8 11 11 6 14 10 9 14 15 20 24 28 23 22 26 28 29 38 36 51 40 49 45 44 57 67 72 64 64 77 65 66 79 73 74 80 81 79 82 89 92 74 91 83 72 88 77 66 69 73 71 77 74 73 75 82 76 58 65 53 46 45 50 50 45 40 36 30 42 27 26 24 16 26 22 12 12 18 14 11 14 13 8 4 3 4 2 4 4 2 2 1 
0 1 1 3 5 6 5 3 8 6 9 11 8 9 7 8 15 16 19 22 27 18 14 22 26 24 27 37 48 38 42 60 41 46 55 44 66 61 64 56 72 70 64 77 72 72 60 75 84 72 76 86 75 74 73 57 72 69 76 74 63 63 73 52 54 59 49 55 47 45 47 42 49 40 36 36 24 27 20 27 22 22 22 14 7 13 16 13 10 13 4 7 11 6 2 1 1 2 1 1 1 
2 1 1 1 2 0 2 2 5 11 9 10 10 6 11 11 15 17 16 17 19 21 25 32 28 33 33 27 30 40 36 47 38 37 44 42 63 49 66 57 53 59 70 60 63 68 72 70 67 72 65 67 76 72 78 73 72 70 70 62 61 62 55 53 57 52 50 47 46 38 32 31 36 23 34 34 23 18 23 25 22 22 20 17 14 11 15 7 5 7 4 7 7 6 4 8 4 0 4 1 1 
2 1 2 2 0 3 5 5 5 10 5 6 7 2 14 12 12 12 15 21 13 17 24 16 28 20 27 31 26 29 27 41 34 42 46 48 59 49 42 49 53 57 56 55 63 60 64 62 65 57 52 63 66 56 65 57 58 54 60 56 60 59 50 50 52 50 53 46 47 32 31 29 33 25 25 22 19 27 22 24 23 17 16 10 14 9 10 6 7 5 5 5 2 2 6 4 3 1 1 1 1 
1 0 0 0 1 2 2 4 4 5 8 9 7 5 9 7 11 11 9 10 13 18 19 21 33 23 23 30 34 40 30 31 32 37 36 45 41 40 48 56 47 50 40 46 39 57 55 48 53 55 54 60 56 52 56 52 67 50 51 56 49 45 64 48 49 37 38 39 37 33 28 35 24 27 27 20 22 24 16 18 17 10 14 13 9 7 13 10 7 7 9 8 5 2 5 2 1 2 3 1 0 
0 0 1 0 1 3 1 3 1 6 7 7 8 10 13 6 6 11 15 10 14 13 12 14 18 18 28 27 21 23 22 28 39 29 39 38 39 36 42 43 37 43 38 43 55 50 39 44 50 42 56 53 37 49 48 45 49 53 37 42 48 48 49 34 35 31 37 28 31 29 18 25 30 23 18 23 24 17 17 19 12 10 8 12 8 8 12 4 8 8 4 4 4 4 3 3 4 3 0 0 0 
0 0 1 3 1 1 4 2 4 6 5 6 6 5 7 3 8 6 10 11 15 17 18 17 14 14 21 21 18 24 35 25 26 28 38 25 36 42 34 39 39 36 42 41 44 45 40 49 52 36 46 38 38 40 46 50 37 47 31 38 42 44 29 32 30 27 30 30 30 18 20 17 25 28 22 24 19 6 13 15 11 10 12 11 11 11 6 9 5 5 6 2 4 2 8 3 0 2 3 0 0 
0 0 0 0 1 1 3 3 3 4 7 5 3 5 2 8 11 5 6 8 12 15 10 13 9 17 17 10 14 14 24 22 16 29 31 28 33 28 38 36 40 37 32 35 33 39 31 39 42 37 43 38 32 35 35 32 37 37 23 34 30 39 36 38 33 32 23 23 20 26 19 19 17 25 20 16 15 10 5 10 12 10 10 5 6 7 3 4 4 5 8 3 3 3 1 2 3 1 1 0 0 
0 1 1 2 0 2 3 1 3 4 3 4 2 2 3 6 2 6 8 8 8 9 11 9 7 14 14 9 18 10 22 21 16 20 30 29 39 30 34 27 31 23 31 31 31 24 29 31 34 27 37 32 37 38 29 33 40 33 29 36 32 28 30 23 18 27 25 23 17 18 20 19 17 16 13 16 10 15 7 9 10 12 6 5 10 8 4 4 2 2 5 4 2 3 3 3 2 0 4 1 0 
1 0 0 0 0 0 1 3 2 2 3 3 3 2 6 4 5 4 4 10 9 5 6 9 6 8 14 15 17 13 23 17 14 23 20 20 16 31 22 27 31 28 30 24 29 22 30 31 32 31 30 26 33 30 33 36 24 22 31 36 27 21 19 24 27 25 24 27 26 18 14 13 13 13 7 10 10 11 9 5 13 10 4 5 5 6 2 3 3 1 4 2 1 2 1 1 0 0 0 0 0 
1 0 0 0 1 1 0 1 2 2 5 3 1 1 4 3 6 3 4 9 6 5 7 15 10 9 11 8 18 17 19 22 14 15 12 18 14 25 15 24 27 23 14 20 29 24 25 25 27 23 21 31 27 22 19 22 25 25 21 22 24 23 17 18 19 22 13 18 19 13 13 18 9 9 11 13 10 7 11 6 10 5 3 6 2 2 5 4 3 2 3 2 5 4 1 2 1 0 0 2 0 
0 0 0 1 0 1 1 1 0 2 1 1 2 4 3 5 4 5 3 2 6 6 4 10 9 4 10 7 12 12 15 16 12 10 7 17 19 17 15 14 12 18 22 20 24 12 15 20 31 26 19 24 18 19 17 15 20 19 20 16 20 19 16 18 8 20 17 13 12 11 12 16 9 8 11 6 6 6 5 5 5 5 3 4 4 4 2 6 5 4 2 3 0 2 0 3 1 0 0 0 1 
0 0 0 0 0 1 0 0 1 1 1 1 4 3 2 3 4 4 2 5 5 7 3 8 4 6 8 10 8 6 13 17 13 9 7 11 12 11 16 16 12 18 20 12 16 17 16 14 23 14 14 20 18 23 17 15 23 20 18 19 14 13 15 11 10 15 10 12 8 9 9 8 6 7 6 5 7 4 9 8 6 4 5 6 4 2 2 1 3 0 2 4 0 1 1 0 0 0 0 0 0 
1 1 0 0 1 1 1 0 0 0 3 2 0 0 2 2 0 3 3 4 3 2 3 3 4 4 5 6 5 6 6 4 4 12 13 7 10 8 8 5 14 12 9 11 13 19 12 12 18 10 15 18 18 13 18 12 13 13 12 15 13 14 15 12 17 10 10 13 9 7 10 9 4 8 5 4 8 3 3 5 3 2 4 3 3 2 1 2 2 3 0 2 1 0 0 0 0 0 0 0 0 
0 0 1 0 1 0 0 1 2 3 0 1 1 0 3 1 1 3 3 1 6 3 2 2 6 4 3 6 3 3 3 5 4 7 6 5 9 6 9 8 11 10 7 12 6 8 7 9 14 9 9 13 16 11 15 5 7 11 10 7 8 12 8 15 10 6 6 5 5 5 10 9 6 4 3 3 6 2 2 0 4 2 1 1 0 2 2 3 0 2 0 1 2 0 1 1 0 0 1 0 0 
0 0 1 0 1 1 1 0 1 1 0 1 0 1 1 0 2 1 0 1 3 1 3 1 1 1 3 5 1 3 4 5 1 2 5 5 4 8 6 3 6 2 7 7 6 3 3 4 4 12 7 6 8 8 5 4 4 8 5 9 10 6 6 8 5 4 2 3 6 7 4 4 5 1 2 6 6 2 1 3 2 0 2 1 1 2 1 0 1 0 1 0 2 0 0 0 1 0 0 0 0 
0 0 0 0 0 0 0 0 1 0 2 0 1 1 2 0 1 0 0 0 1 0 0 0 0 2 0 3 2 1 1 0 1 2 2 3 1 2 5 3 5 2 3 2 3 3 1 1 3 5 3 3 2 3 2 7 3 5 1 3 4 2 2 4 3 3 4 3 2 3 3 3 3 1 2 2 1 1 2 1 3 0 1 0 0 0 0 1 0 1 0 0 1 0 0 1 0 0 0 0 0 