Parameters: 3 21 21 21 0.7
108 127 114 97 110 110 104 107 110 112 105 103 96 107 113 125 117 94 114 112 107 
110 127 117 98 113 116 108 97 114 109 127 102 117 113 101 120 113 107 114 111 101 
110 106 103 93 109 90 100 120 101 123 97 113 112 122 112 95 106 99 124 119 102 
126 106 94 104 100 100 104 100 99 109 119 120 118 102 101 99 105 108 104 96 108 
107 110 108 125 106 106 109 102 94 108 115 110 113 125 106 100 112 123 108 133 118 
103 98 109 116 100 96 119 121 109 112 113 102 121 100 91 95 101 96 107 95 108 
97 116 114 129 124 122 118 106 99 111 102 135 105 108 112 109 115 102 98 112 110 
101 105 105 120 121 108 118 111 97 103 106 102 101 107 107 118 115 93 124 98 88 
111 118 117 107 121 114 102 110 94 99 108 132 121 110 113 104 92 120 103 99 108 
101 111 96 109 121 117 98 105 98 110 100 119 110 101 109 97 106 100 105 110 106 
110 117 106 93 106 99 111 111 99 96 125 110 119 119 115 104 123 112 118 93 100 
117 100 109 106 109 107 98 114 118 122 121 105 104 98 84 109 128 124 117 102 103 
108 113 94 113 96 116 113 110 109 100 112 115 110 96 115 112 127 107 91 122 116 
92 105 109 116 101 117 106 121 93 108 101 101 127 98 109 117 125 89 86 118 117 
121 108 96 108 108 110 114 106 135 99 102 117 106 101 109 105 112 107 100 129 113 
105 105 99 101 110 103 114 109 113 100 89 122 99 107 125 107 111 97 97 109 95 
121 89 106 106 104 114 115 107 101 109 90 98 115 110 104 109 115 116 101 105 131 
118 99 100 108 116 110 111 105 104 131 110 96 105 131 112 113 95 116 112 109 103 
104 106 115 108 116 105 113 106 96 105 111 88 102 103 127 124 111 108 114 127 110 
91 104 99 99 106 116 113 113 101 117 103 109 94 108 116 109 118 124 101 103 118 
98 110 123 121 103 101 118 112 102 105 105 111 107 115 110 96 109 112 126 115 113 

118 104 98 86 119 99 116 128 120 118 95 115 110 104 123 95 116 104 106 105 99 
131 127 102 101 100 106 125 136 129 105 117 105 99 103 116 112 114 101 108 118 113 
123 101 103 107 101 114 108 110 117 105 102 109 114 108 99 108 97 110 109 111 107 
94 101 98 109 111 105 103 93 113 131 116 121 113 103 126 102 117 93 107 115 105 
106 100 122 108 113 112 97 109 117 109 109 114 122 105 111 105 109 105 102 120 102 
117 124 125 105 101 96 109 88 104 106 120 110 119 97 114 99 107 98 102 100 103 
102 120 115 102 106 112 99 109 118 107 96 120 105 95 106 104 116 119 105 115 98 
109 98 105 119 112 104 111 111 120 102 104 101 95 100 102 107 103 111 123 108 119 
109 106 88 109 113 109 103 89 98 109 103 118 120 115 111 112 118 114 111 104 125 
121 105 91 122 111 120 90 113 106 93 115 113 94 102 102 101 115 103 98 103 110 
109 106 97 108 105 106 101 110 107 115 114 102 103 97 104 92 101 121 92 111 115 
104 106 109 116 112 112 112 102 118 121 106 105 127 123 110 93 100 96 103 107 106 
101 103 108 119 103 104 115 102 108 103 111 100 117 109 112 109 97 104 110 118 101 
102 103 116 99 107 111 97 101 110 104 110 100 115 129 115 121 112 112 94 102 123 
108 103 99 113 107 111 118 98 89 99 117 107 96 124 113 112 123 100 100 113 117 
115 109 98 100 98 96 104 104 118 104 115 120 111 117 108 93 104 106 98 93 121 
111 111 108 102 115 109 103 107 114 100 109 102 129 101 95 103 112 103 107 122 108 
111 102 107 108 115 102 110 109 106 104 102 112 102 106 110 94 101 100 91 135 128 
112 118 118 118 119 114 99 106 107 100 106 125 105 95 99 109 99 101 104 124 111 
102 116 108 116 109 113 102 97 99 119 109 107 96 115 111 97 93 132 108 117 124 
123 101 108 113 97 112 96 107 106 111 122 101 110 109 110 111 117 116 115 102 120 

113 85 96 105 112 92 108 100 110 111 110 125 116 117 102 102 119 104 110 103 107 
110 109 116 106 106 110 122 111 103 106 109 95 122 117 100 111 111 112 109 103 103 
114 99 96 115 111 103 119 107 115 108 105 131 110 106 90 113 98 106 101 111 102 
120 106 110 112 111 97 113 99 103 91 96 114 105 101 118 116 106 85 114 109 108 
109 102 111 109 119 113 113 104 98 100 136 109 101 107 106 102 106 90 107 119 107 
113 105 108 104 112 122 101 109 92 103 108 102 101 99 112 102 105 106 92 99 106 
113 129 103 121 98 109 112 110 110 109 103 108 114 123 118 103 99 100 103 104 100 
102 111 107 111 109 99 99 99 101 103 109 113 97 125 129 107 112 92 124 113 115 
109 111 97 103 109 100 91 110 94 96 110 112 105 122 115 101 108 109 103 113 115 
114 100 100 105 96 113 111 102 106 113 116 128 103 114 101 112 120 109 98 118 117 
85 125 125 112 110 89 98 114 118 109 102 108 108 121 95 96 118 110 89 120 130 
113 93 127 106 108 118 102 105 108 125 110 119 111 104 121 104 113 113 102 117 104 
104 113 106 104 99 111 102 120 100 111 119 113 112 111 104 111 112 111 113 96 114 
118 102 113 122 110 107 103 113 106 103 115 93 96 107 92 101 99 107 104 115 122 
92 110 116 99 106 116 101 96 119 103 98 109 118 124 118 127 108 136 121 107 97 
101 97 114 103 115 107 107 114 109 105 113 97 89 112 100 106 96 136 122 105 98 
97 103 106 101 117 111 116 110 88 110 96 123 112 109 115 109 111 104 119 98 92 
123 96 104 93 110 112 120 98 99 113 97 118 109 108 107 112 128 99 115 101 114 
109 109 104 116 113 132 117 116 107 117 108 103 105 106 120 117 123 109 115 116 93 
98 97 103 112 113 128 121 118 119 121 118 93 89 90 112 114 109 117 120 106 115 
107 120 116 99 99 94 114 109 114 101 101 102 91 92 114 110 128 122 119 115 116 

109 94 111 109 107 117 100 90 116 112 102 92 123 110 94 87 104 108 105 115 110 
103 105 106 118 103 98 115 98 104 113 122 104 110 113 103 99 114 120 129 114 126 
107 108 101 106 124 107 105 103 110 120 123 114 104 104 100 99 106 117 109 97 96 
95 84 114 112 116 103 120 94 97 110 115 111 116 111 112 108 106 101 111 104 105 
119 96 103 106 103 113 109 121 101 108 107 108 99 108 100 102 122 103 116 108 124 
102 134 110 98 90 111 96 116 110 101 91 91 117 105 111 110 111 105 121 105 122 
120 108 118 114 105 126 116 122 104 120 104 116 125 85 96 105 90 101 111 105 110 
108 98 97 105 97 109 120 111 101 110 106 111 106 105 105 113 113 101 117 104 105 
124 96 104 105 111 103 111 104 113 109 105 108 103 116 124 115 123 122 98 121 103 
110 113 100 106 110 99 116 97 104 117 116 123 115 121 107 112 109 97 104 129 115 
88 116 113 119 121 94 106 100 112 85 100 124 103 99 96 119 116 109 106 107 107 
93 109 113 102 100 112 103 109 111 100 108 110 103 105 106 116 121 104 104 118 116 
105 112 114 107 114 116 107 105 109 96 103 119 106 100 93 102 96 106 116 123 102 
106 109 104 109 125 115 91 93 116 104 98 113 112 113 101 105 94 105 99 117 114 
114 110 92 123 119 105 94 106 134 106 119 106 127 102 114 121 123 104 102 101 124 
108 106 104 118 111 100 103 126 104 110 122 93 105 104 105 106 111 110 100 110 103 
112 113 104 113 111 107 109 130 109 125 110 118 99 108 97 114 116 107 119 113 113 
112 116 108 100 125 108 118 116 98 104 99 109 109 117 96 110 101 114 113 114 99 
112 99 110 106 106 107 105 107 113 105 110 83 111 118 95 102 125 120 111 126 101 
103 104 119 120 106 110 112 107 94 97 122 111 105 111 106 86 101 120 107 119 111 
100 115 109 129 118 123 108 107 115 103 110 114 122 101 112 103 106 102 109 115 117 

108 99 115 95 94 98 112 104 108 94 108 105 116 109 93 106 110 97 103 105 112 
116 96 113 122 116 117 98 99 110 128 103 99 114 108 107 108 93 110 116 104 117 
118 115 109 110 100 118 124 108 124 108 110 121 109 96 112 108 103 97 91 113 116 
128 118 106 111 123 115 105 98 106 110 102 113 119 128 104 107 126 99 108 114 96 
113 104 98 109 108 114 87 110 102 106 109 126 104 95 107 101 125 98 100 114 116 
109 133 115 130 112 107 100 107 103 106 114 111 111 119 118 106 98 97 98 106 114 
118 105 107 106 103 124 105 99 100 101 102 117 114 103 114 115 105 92 101 96 104 
105 93 94 115 113 120 109 91 127 94 90 95 110 109 100 102 94 104 97 104 87 
118 104 104 102 117 100 108 106 111 104 107 125 90 99 98 108 94 104 99 108 110 
111 99 112 103 90 100 109 94 109 102 107 106 104 107 97 115 109 104 100 89 85 
106 108 126 113 107 105 117 111 116 100 102 122 111 91 103 117 109 110 99 113 110 
121 105 103 120 114 118 103 107 115 115 115 116 111 108 85 106 103 115 107 102 127 
107 98 92 111 94 114 113 107 105 124 114 109 108 116 112 121 114 111 89 97 91 
105 110 104 115 109 106 95 112 92 105 110 104 111 110 109 109 109 111 106 107 108 
125 111 89 109 112 105 114 121 101 96 100 97 122 107 117 129 115 102 116 111 128 
99 108 103 102 109 93 116 106 108 112 100 106 108 104 108 106 115 111 106 100 103 
115 108 101 109 110 112 128 104 103 119 93 103 98 102 108 110 102 110 113 93 98 
126 126 112 110 102 102 113 111 100 114 100 123 111 108 121 108 94 116 105 99 109 
103 116 112 111 125 94 107 111 113 95 126 114 124 104 111 103 112 109 114 99 98 
105 117 100 99 118 99 104 119 133 109 111 116 98 98 92 108 101 114 130 108 98 
116 119 101 111 100 119 94 118 114 128 120 118 107 109 117 116 105 105 111 121 126 

109 95 112 99 97 91 115 91 101 107 91 98 111 106 98 108 97 99 116 99 87 
109 109 135 121 104 99 110 106 101 108 108 112 108 102 103 108 100 108 108 90 109 
100 112 105 100 110 113 104 108 109 103 121 120 113 106 120 99 117 102 108 109 111 
121 108 123 113 122 124 104 95 106 107 101 111 116 103 121 114 131 105 112 107 114 
116 114 92 86 116 120 110 120 96 95 108 107 110 104 135 107 111 107 90 108 107 
106 104 111 115 109 99 102 114 113 90 103 108 108 104 114 107 117 116 113 114 96 
104 93 121 112 92 116 100 114 97 95 106 107 94 95 116 116 116 119 113 106 128 
107 102 120 106 120 115 113 117 119 120 127 110 109 101 102 103 98 117 109 112 109 
115 103 107 99 109 102 121 106 107 99 109 112 99 109 118 103 98 91 104 99 113 
110 114 116 112 112 114 128 89 104 100 108 103 102 104 114 97 87 136 94 104 102 
107 108 107 94 112 112 123 101 88 101 101 114 110 103 95 113 92 121 112 112 101 
122 106 120 105 118 105 95 108 122 106 99 108 111 116 101 112 123 117 120 119 115 
106 124 116 111 100 97 101 96 111 103 116 119 113 117 94 97 107 115 118 112 110 
85 130 117 106 94 97 124 114 104 110 118 112 99 124 109 96 97 113 125 107 99 
115 114 110 132 108 99 130 107 108 118 112 106 99 112 111 107 96 111 94 109 112 
99 118 112 118 113 112 103 94 116 104 100 98 95 110 99 98 120 119 112 107 95 
121 123 100 120 122 100 116 105 124 116 112 125 111 113 104 106 119 100 114 103 99 
102 108 116 112 108 114 118 126 116 103 85 116 95 109 105 98 118 111 108 98 106 
114 107 102 120 105 103 100 99 101 89 119 103 108 109 111 106 118 107 124 107 88 
103 123 114 113 124 107 111 114 123 100 113 106 109 98 98 104 127 101 98 123 118 
121 99 105 125 109 113 111 106 111 104 104 103 106 106 119 93 98 110 87 123 95 

105 103 114 120 115 107 103 120 96 106 103 107 116 94 109 122 118 102 96 99 108 
97 103 119 114 124 112 107 107 108 102 105 115 94 104 106 112 114 106 94 102 103 
113 103 101 106 102 110 121 105 101 112 109 94 117 106 114 111 124 112 100 117 103 
96 90 105 112 102 96 111 95 107 108 124 110 112 107 113 99 108 98 92 95 108 
106 111 98 116 105 109 127 113 119 102 106 103 94 102 94 126 109 113 87 117 107 
97 100 113 103 102 104 113 102 106 109 106 96 117 109 111 123 107 95 99 98 91 
93 104 124 110 108 106 107 109 101 106 99 105 100 103 114 113 107 104 107 108 124 
108 125 121 109 130 105 104 112 93 109 101 102 111 113 124 112 111 99 97 102 109 
110 113 107 118 94 93 116 121 95 120 98 113 92 104 114 110 104 105 92 92 118 
95 106 114 110 103 115 122 108 108 116 85 102 105 100 125 90 95 101 105 98 114 
97 119 110 87 118 104 106 93 111 114 94 105 115 114 106 114 101 107 114 98 109 
104 105 107 100 125 109 99 126 132 112 109 128 120 101 111 109 127 98 107 106 108 
105 109 107 102 109 101 115 106 103 98 109 112 123 116 112 107 113 103 97 107 121 
101 112 101 96 127 125 121 117 106 109 108 95 105 110 100 122 113 99 103 104 98 
116 112 108 103 104 118 110 111 106 112 100 116 101 116 109 118 105 96 124 110 117 
121 120 103 84 109 99 109 103 107 95 98 106 99 114 118 99 109 85 118 98 110 
116 104 96 113 108 115 118 121 110 115 123 100 107 105 106 114 118 108 104 99 107 
108 105 116 105 127 117 107 105 107 98 97 111 93 101 112 116 97 101 95 102 104 
99 88 112 122 104 105 101 98 107 97 117 108 101 121 106 113 110 101 117 104 103 
119 112 102 96 119 131 93 108 102 101 98 99 103 116 102 108 115 109 107 100 105 
125 119 107 123 119 116 102 98 116 114 114 119 107 121 99 95 87 115 101 101 118 

96 104 108 103 108 118 101 122 94 101 114 104 107 107 102 110 90 102 122 90 100 
100 104 103 93 93 97 104 99 116 102 108 118 107 117 128 108 119 115 106 113 93 
106 119 101 106 115 102 125 113 118 115 105 90 111 133 115 111 97 100 112 123 107 
112 133 112 104 110 106 109 116 112 114 105 93 120 118 110 104 102 100 96 102 101 
90 111 118 110 98 104 97 101 107 114 107 108 114 116 117 105 126 100 109 115 113 
92 110 109 86 88 121 115 95 99 119 104 96 97 107 103 110 120 98 113 97 115 
84 107 114 119 100 108 106 108 112 123 102 103 99 101 108 112 109 108 115 98 112 
104 103 101 103 101 97 106 119 100 120 122 113 110 107 104 108 110 122 97 115 112 
112 95 107 110 113 106 107 99 108 105 104 108 107 105 110 129 120 114 103 121 108 
95 98 95 105 117 120 115 110 97 91 88 113 92 113 108 99 109 115 111 100 102 
125 109 109 94 103 113 117 112 114 91 103 110 91 107 104 87 108 122 94 100 108 
101 100 122 105 105 118 112 112 110 99 115 98 92 106 121 90 109 115 102 98 96 
98 113 107 106 100 104 104 110 103 107 119 109 102 116 96 117 109 108 105 103 112 
109 103 115 109 118 93 101 100 94 113 114 109 119 101 105 116 104 112 121 104 96 
100 109 117 104 108 110 103 102 105 119 112 101 101 108 114 106 103 107 108 105 104 
111 101 122 81 112 103 120 106 103 113 103 113 116 100 133 110 112 105 110 117 104 
115 108 108 109 113 108 115 112 108 126 125 94 116 109 104 107 99 109 108 111 105 
95 113 109 110 119 110 116 93 94 103 101 91 110 108 109 113 95 100 94 119 130 
110 107 98 94 95 113 107 114 92 118 93 114 115 105 101 115 112 108 115 119 106 
103 105 105 111 113 96 103 127 111 101 108 109 102 110 108 98 109 116 120 95 115 
106 109 110 108 103 107 115 110 104 93 101 125 93 133 112 106 118 107 108 103 112 

105 102 133 107 109 111 92 99 104 108 89 104 108 106 113 111 108 100 129 105 100 
96 115 101 110 106 108 107 122 106 114 93 102 99 116 100 112 125 114 113 114 95 
120 118 112 111 97 105 113 104 114 111 105 98 122 110 108 106 108 108 117 102 124 
105 103 115 116 94 92 91 98 120 111 115 117 128 92 111 114 113 101 104 122 113 
98 108 103 108 101 109 114 104 99 100 103 112 115 124 95 99 126 136 114 103 117 
111 114 104 114 111 122 125 116 106 88 99 104 96 123 113 94 109 110 114 108 96 
105 108 98 98 102 111 112 110 119 117 101 114 117 123 116 101 114 115 118 96 87 
102 120 99 92 113 99 108 114 112 112 114 112 126 119 86 106 107 124 112 111 118 
110 99 116 117 112 108 109 98 109 111 95 93 108 114 109 108 113 97 98 107 113 
110 115 110 99 95 113 101 108 122 113 110 122 111 113 90 112 103 97 99 82 92 
101 109 105 86 99 115 93 137 113 110 107 106 114 105 104 110 127 105 121 100 103 
116 90 94 104 111 114 112 119 114 123 120 92 99 105 107 112 117 99 105 106 103 
112 109 116 105 102 106 114 115 107 107 108 121 106 101 97 115 101 108 109 104 106 
101 107 104 104 110 100 113 108 92 92 112 120 95 111 108 85 98 116 118 109 119 
113 124 113 110 104 91 101 110 107 112 122 113 95 106 97 114 115 111 109 106 102 
100 111 116 114 126 96 110 109 91 115 105 118 110 109 103 114 104 108 92 85 104 
109 112 112 103 105 114 116 112 109 108 105 90 107 105 106 117 114 113 104 92 85 
113 101 92 114 122 121 126 114 104 105 125 112 90 105 85 100 84 115 104 98 137 
108 98 103 100 94 103 94 120 94 101 104 118 108 104 122 102 105 103 121 109 111 
103 105 112 112 123 105 97 101 122 109 107 105 115 107 120 88 103 127 109 109 91 
112 110 110 120 110 121 112 99 110 119 104 110 92 107 111 101 97 128 114 100 96 

119 101 110 106 99 92 117 119 127 93 99 103 109 126 112 104 103 122 126 111 106 
102 101 103 112 117 116 121 117 103 102 95 104 105 128 103 117 115 115 117 110 103 
115 99 105 94 115 98 118 109 105 111 117 98 106 114 103 108 106 110 124 86 109 
115 108 109 116 99 104 117 107 99 96 124 97 120 91 104 113 98 100 108 112 112 
97 102 92 98 113 119 115 105 117 95 124 112 94 114 87 115 105 116 115 114 110 
114 125 103 110 119 125 104 101 118 102 101 113 90 101 112 122 119 112 113 106 105 
104 106 109 99 100 110 116 90 111 114 105 98 83 117 94 100 105 94 102 112 99 
111 110 122 96 113 111 115 107 111 103 107 110 99 116 104 108 116 110 108 122 122 
109 106 131 109 109 121 104 107 105 110 116 112 114 102 96 94 121 98 92 110 106 
102 90 95 90 107 109 109 113 105 92 107 110 113 120 91 103 100 98 101 105 111 
107 104 101 95 120 111 103 101 98 104 106 122 105 115 118 97 111 99 120 108 113 
95 103 109 106 105 97 106 101 107 105 104 98 107 109 104 105 97 113 95 100 114 
105 112 111 98 115 100 105 101 117 110 117 108 104 106 110 132 114 110 106 118 104 
103 98 107 118 106 92 109 109 103 104 113 99 97 110 122 114 111 123 111 115 110 
110 108 93 114 111 118 97 101 113 104 100 103 92 116 109 97 107 118 109 119 123 
117 109 101 98 105 113 109 120 98 110 119 99 113 108 94 103 101 117 99 89 104 
113 111 99 111 123 109 101 106 99 94 98 115 116 103 126 112 108 94 112 108 101 
95 97 101 114 128 106 111 105 118 110 93 113 112 109 93 116 103 94 88 99 118 
99 102 98 106 112 105 110 99 109 119 100 104 121 120 126 106 112 107 121 108 109 
104 102 122 107 97 100 111 89 101 100 99 93 100 93 115 113 116 111 106 99 114 
111 117 118 102 93 95 120 115 111 117 96 111 130 117 106 95 98 103 99 109 114 

88 117 116 108 102 99 122 103 104 97 110 126 122 104 109 111 119 116 109 114 103 
111 111 97 110 112 91 98 105 119 96 92 107 120 123 115 87 98 114 109 113 117 
109 108 97 113 97 90 100 105 109 103 106 90 108 128 103 92 112 108 119 108 116 
106 106 113 120 101 89 103 104 101 107 107 92 119 104 99 111 118 112 115 103 109 
97 97 113 104 120 102 105 108 114 107 126 110 109 118 109 102 109 96 110 120 104 
124 127 116 105 120 103 108 103 106 133 106 116 108 115 100 95 120 103 105 123 110 
105 113 96 97 106 113 117 111 109 115 109 105 106 115 101 97 99 95 112 111 111 
106 114 108 110 112 97 104 113 107 112 125 105 108 115 113 112 109 98 110 114 121 
120 106 112 112 103 95 101 101 113 118 101 111 110 102 125 93 96 116 104 109 98 
111 114 100 106 91 91 99 87 103 116 105 112 104 121 115 114 116 105 105 106 101 
96 100 98 117 120 100 108 109 106 117 110 106 98 118 115 107 106 101 105 107 114 
100 115 111 88 97 92 107 120 116 115 96 95 101 119 95 100 120 114 104 112 96 
124 109 102 110 121 110 121 111 102 95 111 109 118 112 106 124 103 101 103 100 99 
123 93 107 107 109 107 116 118 102 110 128 127 116 99 122 115 91 118 115 110 107 
103 122 112 102 130 108 92 102 107 106 109 111 106 105 104 111 111 100 105 105 115 
85 101 103 99 100 104 102 135 106 107 111 97 117 129 104 112 107 129 113 96 112 
124 115 112 103 110 117 113 107 106 124 111 109 100 94 98 119 112 112 107 115 113 
98 107 112 117 118 109 103 99 94 105 102 101 99 93 107 115 110 116 113 109 111 
130 107 107 105 121 109 113 105 105 113 100 112 123 94 96 103 106 97 133 111 101 
117 107 119 108 122 97 104 106 125 107 98 100 100 126 95 98 121 120 105 108 117 
92 112 99 113 125 109 108 97 111 104 103 100 94 114 114 98 104 103 103 102 111 

106 102 99 109 113 111 114 130 112 126 104 113 112 114 114 88 107 128 96 112 110 
114 107 101 114 106 113 109 105 118 105 99 101 95 119 109 85 110 110 119 119 111 
123 104 108 118 118 129 117 116 103 125 109 107 101 103 109 97 115 96 94 118 127 
111 98 96 106 109 104 105 100 99 104 104 113 95 105 109 101 113 109 100 101 122 
107 109 108 116 129 108 101 97 109 115 101 99 114 93 109 104 103 103 113 93 105 
104 120 109 115 113 117 106 117 114 103 95 112 113 109 118 104 126 121 133 118 116 
109 109 114 105 106 110 104 107 135 104 103 111 104 102 121 115 92 97 105 92 117 
120 123 119 103 111 112 109 105 100 99 113 111 101 110 104 116 100 109 120 108 122 
106 115 114 105 113 123 107 101 94 100 111 103 109 107 115 119 98 119 130 103 100 
112 105 94 106 100 102 98 95 114 111 97 110 97 107 120 106 106 95 106 108 107 
110 108 96 113 116 98 112 95 101 120 97 113 99 122 107 98 87 114 107 117 108 
118 125 113 120 103 116 102 120 119 96 119 130 110 130 123 107 104 107 91 97 105 
99 109 112 117 110 92 95 109 115 108 113 119 128 107 108 108 106 108 120 113 97 
109 106 106 114 107 109 103 113 101 113 86 113 100 84 114 119 104 106 103 99 120 
93 101 92 95 109 116 108 109 101 116 115 113 102 108 102 104 116 119 114 108 110 
111 115 93 111 89 115 107 117 100 121 119 115 126 113 96 115 100 118 123 106 97 
135 92 118 101 107 108 111 113 93 86 104 133 113 91 102 111 104 116 114 101 95 
85 90 108 117 112 103 107 94 104 95 103 110 101 95 112 99 105 124 114 108 91 
114 124 111 105 111 105 108 95 101 110 98 115 113 93 119 107 89 108 114 106 110 
119 117 90 98 115 107 85 103 109 104 113 114 104 121 109 117 111 105 103 108 105 
104 109 102 102 98 118 109 128 131 99 96 107 110 119 102 109 95 103 102 112 95 

113 111 111 112 90 105 114 109 91 116 95 115 111 102 92 108 106 94 117 111 101 
112 104 117 125 107 107 116 109 111 129 116 114 103 102 119 112 106 106 109 94 112 
110 104 119 113 118 105 116 117 86 120 123 104 100 94 115 99 113 105 89 103 102 
109 112 123 104 105 128 100 92 93 107 116 110 116 106 113 113 103 113 124 112 122 
128 113 102 108 90 112 107 106 110 123 122 105 116 117 122 103 103 109 121 100 107 
105 98 114 96 107 111 116 107 102 110 111 104 120 106 117 121 117 109 105 112 104 
114 105 108 113 115 119 130 119 111 108 115 123 96 106 98 122 112 104 107 101 103 
115 107 109 101 96 103 118 106 115 106 120 115 107 114 111 98 84 110 117 112 101 
91 99 114 97 112 113 108 89 114 111 98 113 108 111 114 107 103 111 115 111 109 
112 98 112 105 112 100 95 115 120 114 105 96 110 113 90 107 106 120 105 96 102 
107 107 102 96 122 112 107 107 107 121 126 131 106 120 107 112 102 122 113 98 131 
132 105 112 118 113 109 105 110 107 108 118 117 115 111 108 118 116 121 110 107 115 
98 88 112 112 115 121 103 96 118 109 111 122 105 105 101 121 96 119 127 124 107 
108 111 117 110 123 114 106 108 133 107 106 120 107 107 101 120 109 119 110 113 100 
115 108 103 105 100 107 103 115 111 119 125 96 103 101 121 116 100 99 114 114 117 
106 112 90 97 105 98 116 113 96 115 99 109 126 106 103 111 129 100 104 113 114 
102 117 119 107 99 113 111 102 94 100 114 98 121 112 118 107 107 111 118 110 108 
100 116 98 96 105 108 103 110 114 103 114 104 105 123 119 90 97 114 107 85 97 
99 110 102 119 120 110 117 109 111 119 109 96 104 110 108 101 91 103 118 98 110 
118 106 108 131 105 126 121 108 103 103 90 106 100 115 115 109 109 105 108 104 110 
101 100 93 90 113 107 117 121 109 109 117 101 115 114 105 101 110 117 100 123 106 

95 102 109 112 105 108 111 104 107 109 116 101 103 110 120 99 101 112 123 126 108 
91 116 117 106 118 98 116 120 115 98 90 115 109 109 111 100 115 115 115 114 101 
97 97 99 106 106 110 126 123 122 104 110 107 100 113 116 124 118 123 120 99 96 
92 112 105 102 114 113 111 99 110 115 111 95 108 93 126 107 109 108 102 114 123 
118 119 111 94 90 106 96 103 120 116 112 110 113 100 104 104 113 106 108 115 110 
113 101 112 98 99 116 108 114 110 94 99 108 120 110 114 119 108 117 126 121 100 
104 112 110 101 105 114 107 108 85 108 125 115 117 104 105 103 102 108 107 95 113 
107 100 90 115 110 95 104 109 118 117 99 114 116 108 117 114 110 98 115 103 123 
103 113 116 111 126 112 117 98 108 113 101 118 114 117 106 101 106 103 114 107 104 
119 106 98 103 103 107 91 102 110 107 109 103 100 112 101 105 112 115 109 105 101 
98 104 119 104 111 120 121 103 123 116 115 120 100 111 107 114 97 117 103 102 121 
121 92 98 105 108 94 134 123 110 112 104 117 114 107 112 118 98 108 93 117 129 
106 123 112 127 97 98 103 109 95 113 106 115 106 106 91 115 108 120 101 114 104 
105 106 108 116 107 106 122 111 108 103 113 117 100 103 119 104 96 111 102 117 103 
95 98 124 109 96 92 101 110 88 109 112 111 119 112 114 125 112 113 120 117 113 
134 107 93 104 117 106 101 100 106 101 103 124 106 95 109 105 109 111 109 107 116 
116 110 116 107 99 120 107 113 112 101 93 115 114 96 113 103 115 115 99 115 111 
99 114 115 108 100 111 104 122 101 98 114 105 109 112 108 98 100 98 102 108 119 
98 103 109 98 107 90 110 99 99 115 108 110 106 108 100 91 90 110 97 108 110 
94 104 125 120 101 93 114 102 108 104 95 91 96 111 116 106 118 108 100 101 117 
102 109 98 111 124 110 105 120 108 109 101 90 112 107 116 107 113 108 109 105 109 

109 121 117 114 106 97 116 127 110 109 112 100 118 112 116 112 109 113 112 120 112 
112 111 111 109 100 105 143 123 115 101 120 115 115 122 114 101 105 112 98 113 108 
107 112 106 118 108 104 125 110 100 102 102 107 98 129 118 111 110 107 103 110 116 
120 113 99 119 99 118 140 105 106 113 98 101 120 106 119 82 117 98 105 118 106 
122 111 106 105 107 98 108 113 104 105 105 111 108 104 92 92 106 93 86 113 124 
97 117 103 102 116 120 97 114 92 99 108 111 102 113 94 113 109 117 105 93 121 
106 102 121 139 113 117 93 111 104 110 106 93 117 117 93 105 113 126 105 99 127 
109 109 91 118 108 112 120 111 87 117 110 101 105 116 119 111 103 123 102 104 129 
108 119 105 99 106 120 112 104 106 107 103 104 94 122 123 118 115 118 114 102 107 
120 130 106 105 95 109 112 102 104 106 110 100 88 117 106 118 115 106 120 110 109 
132 116 105 103 105 106 116 106 107 89 131 106 118 118 106 94 111 103 109 111 115 
99 104 118 106 114 102 125 117 117 93 110 102 107 127 106 100 105 102 92 95 118 
87 104 111 133 102 102 116 96 93 86 114 127 108 115 109 125 116 114 109 114 105 
112 107 104 117 99 128 102 117 109 118 116 94 115 101 106 110 122 104 95 115 111 
92 83 106 121 109 111 113 130 117 101 96 108 107 103 100 109 102 105 114 119 115 
103 116 106 104 109 130 97 122 102 95 123 108 112 110 103 115 111 104 96 104 106 
115 107 103 83 90 122 104 101 104 97 98 115 114 107 104 108 108 103 89 106 116 
90 107 116 118 94 106 101 111 108 106 110 88 107 100 106 101 109 103 105 104 111 
100 110 117 106 108 108 103 120 123 120 117 113 96 101 102 99 109 110 102 111 100 
118 102 113 114 113 104 115 113 102 108 106 105 98 105 97 102 96 100 88 98 89 
126 97 95 102 120 110 92 98 88 110 112 110 97 115 96 105 106 99 110 110 115 

98 88 104 97 102 103 95 111 116 102 104 106 120 105 101 109 106 103 104 101 99 
124 98 107 108 118 117 111 115 118 90 104 125 118 93 94 109 112 106 114 111 112 
126 118 96 108 113 107 120 109 95 93 117 104 115 105 112 113 113 113 109 106 130 
110 109 131 116 96 118 121 97 95 90 99 106 100 104 102 101 117 95 101 97 103 
97 121 105 104 113 104 100 122 93 108 101 113 92 104 110 101 104 96 109 109 108 
110 114 102 106 100 110 91 102 88 118 100 103 119 112 113 122 103 103 106 105 119 
113 106 119 124 100 110 104 114 123 106 95 90 108 105 101 109 117 107 102 113 121 
99 103 111 123 107 118 105 93 108 115 103 101 105 118 126 102 108 110 113 98 111 
113 105 116 115 102 106 113 103 86 108 106 114 96 93 109 96 107 100 111 97 103 
113 104 99 118 102 96 113 101 113 111 110 104 111 115 119 103 120 101 115 117 108 
106 97 111 101 103 100 118 102 109 105 114 96 97 95 110 110 130 119 105 123 111 
108 107 118 101 114 99 113 94 114 121 115 120 112 104 109 117 94 101 98 106 103 
89 89 108 129 121 110 106 85 107 103 120 124 121 112 106 92 95 106 112 120 115 
100 102 106 111 112 93 109 108 106 107 118 106 113 106 120 103 111 104 107 92 116 
105 98 105 106 118 109 108 113 108 109 111 101 111 96 102 104 103 103 106 111 116 
124 113 96 97 97 106 101 112 126 109 92 107 108 98 98 97 99 101 110 115 109 
109 101 115 97 97 105 114 106 117 101 85 95 103 118 121 92 108 102 104 109 122 
95 96 100 96 103 126 126 118 93 98 95 103 108 109 105 108 104 98 107 108 101 
117 107 121 104 114 124 109 107 103 96 117 103 98 109 112 119 107 116 100 98 109 
104 100 116 111 111 116 97 102 113 89 108 110 103 110 97 107 95 111 100 119 117 
94 114 105 111 108 107 112 106 96 114 97 98 90 113 105 97 110 111 108 109 118 

98 122 123 116 107 116 112 113 101 107 114 97 95 97 105 112 108 114 105 107 103 
108 106 111 88 93 113 104 109 120 103 104 118 114 110 93 105 102 107 107 101 100 
115 118 108 112 99 119 111 110 111 121 118 111 121 114 119 106 104 120 106 99 91 
111 122 101 95 92 112 111 122 102 101 101 107 82 114 120 102 96 88 104 106 99 
114 130 107 99 112 108 109 132 109 116 97 112 106 110 98 109 118 115 120 98 114 
103 117 100 98 104 96 109 113 101 114 106 114 100 95 113 123 112 137 111 99 112 
93 103 116 109 110 113 120 112 106 106 105 109 105 96 116 106 131 124 108 100 93 
110 105 107 134 98 112 129 108 118 107 100 116 121 108 109 96 115 108 121 90 107 
111 108 109 116 101 105 115 108 85 109 123 126 107 117 110 102 102 108 109 93 103 
130 101 96 107 113 122 99 125 116 105 105 96 108 113 103 91 109 116 104 110 126 
127 106 112 122 106 105 120 112 104 123 100 98 103 123 106 105 108 103 106 97 115 
109 111 118 107 113 92 114 116 117 112 109 130 101 124 105 98 97 101 111 100 113 
106 90 117 123 124 103 110 112 110 99 119 118 107 111 117 98 120 95 106 114 122 
104 106 106 113 112 107 109 115 104 123 116 92 103 92 128 94 121 94 100 102 132 
105 95 111 89 116 110 105 112 108 89 90 89 100 105 111 101 108 88 100 111 115 
114 114 115 109 101 103 96 103 124 88 97 112 102 118 100 104 110 102 113 102 105 
100 125 118 130 104 103 106 90 109 116 106 114 106 96 113 98 106 117 112 100 106 
109 105 99 116 119 106 109 99 131 120 113 120 106 128 106 126 108 108 109 101 106 
105 104 111 104 106 95 104 120 96 99 111 107 85 109 105 120 119 120 102 105 102 
82 103 110 101 105 121 103 117 110 105 103 110 101 87 116 114 108 132 105 114 104 
93 110 105 99 97 113 111 116 106 112 106 115 109 103 103 112 106 105 94 109 109 

104 124 105 103 102 100 108 111 109 105 105 123 88 104 113 103 111 102 121 112 113 
103 115 118 119 96 102 94 102 120 106 120 102 113 125 116 122 132 112 108 110 95 
93 102 106 105 113 119 107 95 120 103 120 109 98 109 104 109 100 98 103 105 107 
97 102 110 112 103 95 108 111 95 98 105 90 103 127 100 118 106 122 111 114 111 
100 93 104 117 119 113 110 125 112 123 117 101 100 122 95 101 103 103 99 118 110 
98 112 116 97 122 101 111 99 119 104 122 104 109 116 119 92 106 118 91 111 107 
101 104 103 93 118 107 126 97 98 105 108 119 111 112 102 113 104 112 99 116 126 
99 109 111 96 99 99 110 104 99 90 95 102 104 113 121 117 123 109 108 115 97 
101 121 115 104 103 102 115 115 101 98 112 111 109 94 124 87 94 116 108 101 109 
100 100 106 94 106 105 114 88 109 113 102 114 94 102 133 105 108 108 97 108 96 
115 107 107 83 85 111 103 109 111 114 85 103 116 104 117 108 107 119 118 119 95 
99 107 115 122 104 111 94 119 111 115 122 120 122 116 114 107 89 113 103 113 101 
109 95 117 125 105 103 123 103 106 120 114 123 122 140 116 103 104 102 90 109 109 
109 112 101 114 102 107 116 108 94 93 106 102 105 105 114 111 112 108 97 93 102 
112 107 113 93 106 118 103 107 113 92 80 104 97 111 96 108 98 112 95 112 102 
108 115 119 118 105 123 120 103 112 115 101 118 102 137 103 105 91 106 108 93 105 
104 109 117 111 104 110 113 105 104 105 116 101 117 112 96 116 99 107 104 116 116 
104 87 86 109 108 103 92 91 102 102 109 95 99 117 103 102 111 108 88 124 115 
111 104 98 113 109 115 97 112 104 107 101 94 99 102 111 114 103 118 104 101 117 
107 99 104 115 123 106 92 116 103 114 107 104 96 113 118 117 116 121 110 112 117 
92 112 115 105 105 119 125 114 99 103 107 102 102 93 104 105 97 120 104 106 100 

103 111 104 110 104 109 88 96 126 116 107 107 99 108 114 107 106 91 117 114 120 
98 109 110 112 105 112 100 105 120 116 108 114 99 108 136 133 112 103 109 114 108 
93 104 114 106 117 119 95 106 113 118 112 99 87 106 92 115 117 116 109 107 123 
118 108 98 115 98 101 111 114 107 98 96 104 109 124 101 101 107 110 100 113 109 
111 113 97 107 107 110 103 103 92 113 100 105 101 97 104 107 88 121 95 121 101 
115 113 106 99 111 104 105 97 115 100 104 113 107 110 107 102 130 111 105 111 101 
116 105 118 117 125 109 100 97 112 99 89 122 109 114 99 118 107 104 106 117 99 
110 115 113 97 103 119 110 115 105 107 103 122 124 112 103 94 119 113 110 106 92 
122 130 108 107 118 116 112 113 108 106 110 102 108 88 101 103 120 105 115 102 111 
122 113 104 122 115 117 121 85 114 107 112 119 105 96 107 116 110 105 93 102 111 
111 109 99 116 110 119 88 96 108 113 108 116 121 118 107 105 101 104 103 115 101 
106 111 124 104 121 106 107 102 105 102 118 93 117 108 117 119 105 112 105 113 114 
95 96 95 89 125 115 122 92 106 121 100 98 111 115 111 108 100 112 118 121 119 
101 101 112 94 110 95 99 99 107 99 121 101 103 99 112 92 115 112 111 97 105 
111 110 116 109 101 101 103 97 115 96 102 106 106 125 100 109 101 112 103 109 105 
88 95 91 116 105 103 131 101 117 106 100 119 98 101 115 113 99 96 99 108 99 
85 105 115 107 110 111 113 106 128 119 104 115 112 110 128 108 115 105 110 107 105 
115 102 96 97 118 110 105 88 103 109 102 105 97 117 119 108 121 95 98 105 108 
113 107 112 117 96 124 109 97 104 102 116 103 106 115 114 112 122 102 114 111 103 
108 108 111 106 112 114 106 121 111 104 107 117 104 120 116 112 120 112 99 116 104 
107 97 103 122 108 115 103 100 98 119 128 108 100 102 110 107 108 112 109 118 124 

102 104 102 102 102 117 104 115 95 108 107 103 117 114 115 118 104 111 93 114 115 
116 116 107 104 126 109 116 102 96 94 104 121 107 109 108 108 118 104 109 87 113 
106 106 98 101 99 101 84 109 117 97 116 117 115 119 100 111 106 111 102 95 102 
115 99 106 112 109 108 86 109 113 107 95 117 105 115 116 113 108 116 117 87 110 
96 113 93 106 101 117 96 115 105 103 111 126 131 111 120 110 108 110 116 125 112 
116 128 108 98 98 99 98 103 112 113 107 112 98 100 92 109 118 98 108 116 124 
117 113 117 114 112 89 113 95 97 108 98 105 98 116 110 119 107 115 94 117 120 
96 92 113 108 93 103 106 123 115 102 114 109 113 110 118 114 104 110 107 121 113 
100 102 103 106 99 110 117 117 100 108 110 92 96 108 93 108 109 120 112 105 105 
121 122 112 105 118 107 106 106 113 109 108 115 106 111 115 114 104 107 101 108 108 
106 105 109 104 106 98 97 112 108 110 105 104 108 114 109 101 97 106 109 106 111 
128 102 107 107 121 105 101 94 98 115 109 110 124 110 98 109 117 122 101 105 103 
107 117 109 107 97 98 113 118 93 121 112 121 122 110 110 117 103 107 101 99 111 
105 105 110 106 107 87 91 104 111 125 108 109 96 116 118 99 101 123 106 107 112 
99 105 100 119 101 101 109 97 95 108 123 117 109 118 106 115 115 106 118 94 108 
87 95 115 120 113 110 110 104 124 105 109 104 93 113 109 118 99 106 133 113 109 
106 105 111 99 93 99 104 101 109 97 108 111 105 105 105 128 114 88 102 102 106 
122 110 108 106 111 102 109 103 121 99 113 112 97 97 120 111 114 103 103 110 112 
111 101 112 100 114 107 98 113 114 97 143 112 94 111 101 112 98 104 107 123 102 
106 112 110 100 118 128 108 99 102 99 110 102 114 116 92 103 115 122 109 95 104 
115 109 103 117 103 98 92 111 110 109 118 107 114 122 112 107 101 95 109 122 118 

121 115 90 102 103 104 101 108 110 111 106 129 113 111 111 117 87 108 115 120 107 
108 97 105 119 114 114 99 89 105 113 119 101 94 102 99 120 105 121 109 102 107 
104 102 75 106 95 107 101 116 103 95 107 117 119 100 115 118 100 103 111 118 128 
109 110 94 106 99 101 102 90 94 106 112 102 115 98 113 100 94 100 115 117 109 
106 118 114 97 105 110 96 94 104 113 85 100 106 100 130 100 101 107 109 104 96 
115 107 113 124 95 100 94 120 107 110 109 118 122 110 106 112 116 112 116 92 100 
104 97 99 111 103 107 102 102 95 114 102 107 100 100 96 106 110 107 106 94 107 
111 98 110 117 111 111 102 104 116 109 126 105 103 113 122 112 112 112 109 106 119 
96 123 112 118 96 127 98 115 117 119 91 96 96 117 114 110 105 118 101 110 104 
107 104 102 109 119 103 92 103 107 109 103 100 107 124 130 96 109 96 103 91 116 
104 108 112 94 103 101 110 121 118 104 106 96 104 101 106 92 119 129 109 109 111 
133 115 109 115 88 98 92 108 104 126 119 99 120 120 96 102 120 116 112 100 115 
116 107 103 117 127 103 94 124 118 100 115 91 104 98 103 97 116 88 100 97 110 
118 113 118 110 111 100 113 102 109 121 104 99 106 98 118 107 104 105 111 121 111 
106 131 104 97 114 121 109 109 82 111 99 103 115 96 116 102 112 107 119 107 100 
101 96 116 118 102 115 93 111 133 105 104 107 100 109 102 101 123 114 100 101 93 
91 107 105 110 101 114 97 95 114 113 129 109 108 112 106 119 98 102 105 109 118 
102 115 116 102 91 103 91 110 102 110 123 95 107 118 112 106 103 115 99 108 118 
108 113 97 91 117 98 94 104 109 97 126 101 106 115 105 102 101 104 117 116 97 
117 105 92 107 99 125 112 102 101 111 121 128 117 113 118 122 104 109 111 113 110 
107 114 113 116 104 111 103 98 96 104 116 100 117 104 104 106 87 97 111 106 98 