Parameters: 2 101 101 0.7
2 0 1 1 3 2 3 2 4 4 3 4 5 3 3 3 4 6 12 8 8 10 12 12 9 3 7 11 13 16 17 14 12 19 20 13 17 24 23 19 23 22 19 18 23 28 19 18 23 18 15 20 19 25 25 32 19 25 21 27 22 25 24 19 15 15 16 17 15 8 8 17 16 14 8 5 14 8 4 7 7 4 4 5 7 3 3 4 4 3 7 1 1 0 3 2 2 1 1 2 0 
2 3 4 2 1 1 4 0 1 2 2 3 2 2 5 2 2 7 7 6 3 7 10 12 10 8 11 18 15 15 17 16 15 17 17 12 18 22 25 23 22 16 22 29 19 17 28 29 28 18 22 27 19 22 23 30 25 27 25 16 18 25 18 16 8 12 18 19 7 11 10 10 10 16 11 8 8 8 9 7 7 10 7 7 7 4 5 2 2 2 2 0 4 4 4 1 2 0 0 3 1 
0 0 3 3 2 2 4 2 2 3 3 3 5 6 5 4 7 4 4 4 7 5 10 6 6 12 7 11 12 15 8 7 18 17 17 21 21 13 18 21 30 21 13 20 22 23 23 19 33 22 25 28 23 27 27 31 33 25 21 20 29 31 15 21 19 23 16 14 15 10 9 17 13 8 8 12 9 6 8 9 12 9 8 3 7 7 6 3 3 3 2 3 3 3 1 1 1 0 2 1 0 
0 1 2 2 3 6 2 0 1 4 5 2 6 2 1 6 6 4 6 6 4 10 14 10 8 15 8 12 15 9 14 12 20 12 15 21 24 23 19 23 24 24 21 21 28 35 34 27 23 26 34 28 32 25 24 25 23 24 21 29 32 26 22 19 24 28 21 19 19 16 12 13 18 15 14 11 11 9 7 7 6 6 8 5 6 3 5 3 3 3 4 3 1 2 1 3 2 1 0 0 5 
1 2 0 1 2 0 1 2 4 2 2 5 3 3 3 3 4 4 6 11 8 12 8 14 8 9 12 14 10 17 20 14 22 16 14 18 21 23 23 26 24 27 29 23 21 27 27 28 30 29 34 26 26 28 22 31 30 25 23 30 20 24 20 19 26 17 21 20 15 19 21 11 11 13 15 10 13 10 10 6 7 5 10 9 6 5 4 4 3 7 2 1 2 2 2 3 1 4 2 1 3 
0 0 3 1 2 2 3 1 1 2 1 4 2 2 3 7 10 6 5 7 8 12 13 11 17 11 12 13 14 13 20 22 26 20 21 23 19 22 20 22 39 35 34 31 22 25 29 30 32 23 29 28 32 34 34 37 32 21 17 20 26 24 20 21 21 21 19 18 19 17 19 11 14 10 8 12 17 11 13 10 9 9 6 6 5 10 7 5 2 6 2 2 3 2 0 2 2 3 4 4 2 
2 0 0 1 3 2 1 1 2 3 0 5 5 8 7 6 5 7 10 7 10 9 13 13 15 12 16 14 13 12 21 13 17 27 25 22 26 31 33 24 22 29 32 26 26 27 29 37 40 34 28 41 39 32 39 33 27 28 38 39 41 20 22 25 16 23 25 19 17 20 22 14 18 17 12 15 19 12 9 7 10 7 11 7 3 7 2 2 6 3 5 5 2 2 4 7 1 3 4 3 2 
2 2 1 1 1 2 1 1 3 5 4 5 10 6 3 8 10 8 5 11 9 7 14 10 17 16 11 20 15 15 24 15 21 21 23 27 24 25 33 24 36 42 35 32 37 32 31 33 33 32 33 40 35 34 38 39 40 36 36 32 33 31 36 32 20 25 35 21 28 23 22 19 26 18 15 14 14 15 11 9 8 5 9 10 5 3 3 6 8 5 3 2 1 4 3 2 1 3 3 2 2 
0 1 1 1 2 4 4 3 3 3 2 2 5 7 6 9 7 9 8 18 16 13 16 10 10 12 20 16 22 24 29 25 33 27 27 26 29 27 40 31 35 40 36 33 34 35 47 47 38 27 34 38 49 47 35 40 35 31 38 37 35 43 26 33 29 37 37 22 24 30 21 19 24 13 12 18 17 15 9 12 10 9 10 5 6 10 3 13 6 6 3 4 5 7 1 1 2 5 3 1 3 
3 2 3 3 3 2 1 5 7 3 5 7 9 7 7 11 5 8 5 10 17 19 19 13 10 17 21 19 24 21 25 23 35 32 26 27 36 34 37 34 31 32 46 46 41 37 44 50 57 46 45 43 39 46 40 47 43 37 38 32 30 35 26 38 30 30 32 26 24 26 25 25 27 17 20 17 15 19 12 9 10 9 9 3 5 6 8 7 3 7 5 4 3 3 5 2 1 2 3 1 1 
3 4 2 1 4 1 2 2 5 3 5 8 3 7 7 11 8 7 10 11 12 13 15 18 12 22 28 27 20 26 19 25 36 41 38 28 32 33 42 41 42 43 45 37 49 37 40 45 55 46 51 54 41 53 49 46 58 55 45 37 54 44 42 34 31 28 40 32 33 25 29 20 24 16 24 21 13 19 19 14 11 8 6 13 10 8 11 9 2 2 4 8 6 4 6 5 4 1 0 3 2 
2 2 4 2 4 4 4 5 6 6 4 12 5 5 8 8 16 13 14 10 10 22 19 14 16 26 25 21 22 22 33 27 31 37 26 39 48 39 43 58 49 49 54 44 50 57 58 59 62 46 46 56 51 50 42 45 60 54 43 46 45 38 33 51 50 39 42 37 41 25 27 29 24 24 20 21 21 25 21 14 13 11 6 7 8 7 8 11 7 7 6 7 6 4 4 2 4 3 3 2 1 
5 4 4 3 2 8 5 2 5 7 6 6 6 7 11 11 13 12 9 20 16 17 18 21 24 23 21 25 32 32 40 28 34 40 38 39 45 40 50 48 57 67 52 56 59 57 69 57 69 67 59 60 64 60 51 63 53 55 51 43 43 46 46 46 46 42 43 40 33 36 31 35 25 31 23 19 28 21 23 15 11 14 14 8 15 16 9 14 11 3 4 2 4 6 3 1 4 1 5 3 1 
8 5 4 5 0 3 5 5 9 6 7 6 10 8 10 13 12 16 16 20 11 23 26 26 20 33 33 20 43 33 43 38 41 53 52 42 46 51 60 54 50 46 53 60 69 54 56 52 61 72 72 60 56 60 67 69 62 49 55 63 78 49 45 47 43 45 48 39 33 42 44 37 28 28 33 24 25 18 21 19 20 22 15 14 18 13 9 6 9 6 10 4 4 2 2 7 3 2 3 4 4 
3 4 5 2 2 6 2 5 10 11 6 5 9 8 12 13 12 22 18 20 25 27 20 24 25 22 39 38 30 34 44 36 36 47 47 41 48 59 59 54 54 55 61 66 69 50 63 67 71 72 77 70 57 57 66 72 67 66 62 81 90 57 60 56 50 40 52 38 45 47 39 30 32 33 29 25 32 27 21 18 20 23 13 16 13 9 12 10 14 10 8 3 6 7 5 4 6 8 3 0 7 
3 6 4 5 5 7 6 5 6 10 6 15 15 9 13 17 17 15 19 25 22 21 22 26 42 26 28 35 42 39 46 43 44 47 65 64 63 47 63 67 75 62 72 80 85 63 78 83 85 73 75 77 71 71 82 78 88 71 54 58 79 72 68 73 67 49 59 55 63 53 45 40 42 38 39 31 42 36 29 22 16 16 24 25 17 12 16 15 15 12 9 11 10 9 6 3 4 6 5 5 5 
2 4 6 8 2 3 4 4 6 9 11 8 9 9 11 18 24 19 24 21 21 30 26 35 37 32 31 39 48 37 56 47 45 52 64 73 76 62 80 81 86 89 97 85 98 86 78 86 89 98 99 92 106 90 86 88 96 81 78 78 87 81 71 64 69 54 63 52 48 54 49 44 43 33 37 34 32 33 36 27 28 26 21 29 19 12 13 10 10 10 8 9 7 10 11 4 3 5 7 4 6 
4 7 4 11 8 3 9 6 7 9 9 15 17 15 18 21 19 27 30 25 25 31 35 36 44 51 33 51 68 67 47 49 60 64 71 71 66 87 73 77 80 83 105 89 93 88 91 94 95 93 105 102 91 98 99 89 89 71 96 81 77 81 80 86 94 77 78 61 63 65 62 44 47 50 40 49 37 32 41 33 33 21 21 22 17 14 11 13 13 9 9 10 9 5 4 5 9 8 6 6 4 
5 4 4 8 8 4 7 6 13 11 16 23 13 15 19 15 22 31 23 31 31 31 36 39 38 48 49 60 58 70 54 58 63 63 84 77 79 97 94 94 97 85 90 96 97 113 118 111 105 99 92 107 122 115 106 117 94 80 103 89 90 88 81 89 79 64 72 63 67 68 58 48 50 58 51 50 49 43 39 28 24 24 28 17 20 19 13 9 10 8 16 11 9 10 4 5 5 10 5 4 4 
5 5 9 9 6 12 6 8 16 10 14 18 10 14 25 25 25 24 23 38 31 31 34 39 45 53 52 50 58 79 67 67 73 62 89 79 82 88 99 106 99 105 110 123 103 124 97 111 109 120 113 109 115 110 104 106 118 104 108 120 104 89 101 90 90 80 78 83 84 69 66 72 66 61 51 47 46 46 43 36 30 31 23 15 19 18 17 10 18 12 14 11 4 11 8 4 5 7 9 4 7 
4 5 6 6 5 7 8 11 13 12 14 16 20 16 17 24 20 23 20 36 40 41 39 60 47 42 49 44 57 60 64 70 87 92 87 93 97 100 100 100 97 112 111 148 129 141 126 141 124 136 113 129 128 125 125 117 131 101 115 112 112 97 104 107 96 89 86 91 87 86 64 72 71 66 55 50 46 48 48 34 33 36 32 26 28 18 24 16 14 16 19 14 14 11 9 5 11 3 8 5 5 
9 6 8 8 8 9 4 8 16 11 12 14 14 17 24 30 26 29 27 37 42 47 43 57 51 47 62 60 74 69 82 75 84 85 94 96 97 114 101 117 125 121 126 134 135 141 136 128 136 126 126 135 135 125 141 147 135 135 128 116 119 115 124 121 100 98 84 100 99 80 65 73 69 55 61 58 49 48 50 41 30 33 29 37 36 26 25 20 10 13 19 14 15 7 11 9 8 5 5 7 5 
10 6 9 10 9 12 10 9 10 12 13 18 22 26 25 27 26 30 30 37 38 40 41 51 67 54 56 69 79 79 83 92 84 85 92 98 121 121 117 137 141 141 139 136 153 133 144 122 153 163 145 133 177 137 137 158 142 138 124 130 105 113 118 120 115 106 111 94 96 83 79 69 66 73 63 65 54 53 56 49 46 41 31 36 40 30 18 19 17 21 18 16 13 15 8 10 7 5 9 9 9 
10 11 8 8 10 13 16 9 12 17 17 21 20 22 28 28 22 29 45 46 47 41 49 73 54 61 69 81 84 82 106 98 105 115 105 125 137 128 135 144 136 140 155 150 131 135 172 157 161 178 163 145 177 154 156 150 136 154 152 140 139 151 123 130 115 102 119 112 103 97 84 70 72 76 63 70 57 50 47 46 41 24 30 41 37 29 26 19 22 20 21 15 12 9 14 9 7 4 12 8 7 
9 9 3 8 15 10 13 17 21 17 18 22 25 25 33 36 45 31 49 36 37 55 53 71 73 71 69 70 91 91 123 98 116 107 112 128 113 131 145 158 147 137 148 159 166 158 162 178 193 178 184 191 173 150 175 205 172 157 167 146 136 141 147 150 133 116 130 121 106 89 94 87 92 79 88 72 66 53 49 58 51 52 43 41 33 31 24 22 25 24 20 15 12 12 16 9 11 8 15 12 11 
11 9 10 8 7 13 15 16 15 19 16 21 16 19 29 37 31 46 50 57 54 55 57 71 68 64 84 80 87 92 106 109 113 120 124 133 144 147 165 161 142 171 166 149 177 191 175 200 200 183 183 193 186 176 181 192 177 181 188 172 164 157 143 136 129 120 130 125 112 104 116 99 99 93 87 67 71 62 65 64 56 53 45 33 30 28 27 27 23 24 16 17 19 15 11 15 10 9 14 12 11 
11 9 15 12 11 14 10 12 22 19 23 20 23 22 25 40 33 48 53 55 51 57 79 69 54 73 95 93 93 119 127 138 140 134 151 143 165 157 155 169 162 200 179 191 185 195 187 184 193 209 203 189 178 172 193 184 190 188 175 193 170 165 161 137 151 144 139 139 119 117 101 108 97 92 83 77 85 77 68 57 54 46 45 28 36 31 35 27 24 24 17 21 22 17 16 16 11 16 12 8 6 
10 8 20 13 16 9 11 17 20 20 26 22 27 29 28 31 47 44 46 50 49 73 72 65 83 92 88 111 109 128 114 138 146 133 152 155 161 160 147 169 186 199 185 201 191 206 208 229 199 221 222 229 217 193 208 217 193 204 196 200 161 162 174 155 149 147 127 130 130 128 109 113 111 96 96 83 89 82 68 68 61 55 62 41 43 46 40 30 27 25 22 19 17 16 7 12 12 12 6 11 7 
17 14 16 7 13 13 15 18 18 20 19 26 31 42 33 27 56 56 42 68 49 68 82 74 82 104 98 123 120 134 127 144 140 139 163 192 186 186 182 173 195 202 171 204 216 218 242 243 234 236 230 239 238 229 234 240 217 213 206 215 192 175 179 191 177 171 151 141 141 139 130 129 120 104 107 90 98 79 78 75 63 57 59 59 43 39 30 21 25 30 25 26 19 13 16 21 13 10 6 14 8 
10 6 14 21 13 18 12 17 19 21 30 29 28 36 38 38 54 55 49 70 67 75 80 88 100 92 95 111 119 145 136 134 161 164 159 176 183 185 205 186 195 193 206 233 232 239 261 220 218 251 248 258 257 253 239 254 237 239 237 218 215 222 208 181 164 169 156 157 157 135 143 133 106 112 115 104 108 88 72 69 72 72 49 53 44 48 39 20 32 31 21 18 19 11 21 17 16 16 9 11 6 
16 10 13 18 15 14 18 26 20 37 32 28 34 30 31 46 59 46 62 79 87 89 77 90 102 110 115 114 139 132 140 152 160 156 184 184 178 194 213 216 222 221 236 219 264 258 283 259 232 263 278 249 241 236 232 249 255 255 250 231 203 225 232 194 179 183 189 194 176 152 146 148 135 129 115 101 104 86 88 91 74 78 69 49 47 50 43 34 42 26 21 26 28 20 21 14 15 21 12 16 14 
14 8 12 20 14 17 20 28 26 29 25 28 39 40 45 56 56 60 59 68 76 96 88 99 104 115 102 128 137 133 162 153 157 172 177 187 181 211 234 230 224 241 247 250 255 252 260 261 269 256 264 262 254 270 244 253 265 249 245 219 245 218 223 235 200 184 205 199 156 167 150 147 144 123 123 100 114 94 85 89 83 83 65 56 53 45 44 32 44 34 33 30 29 21 21 20 18 19 12 8 16 
13 10 23 17 10 18 22 24 27 27 39 40 42 40 45 46 50 68 59 73 68 73 77 97 111 128 120 134 152 156 170 172 182 183 197 211 202 256 262 225 239 268 247 262 265 278 280 270 295 288 287 309 271 292 285 288 267 264 266 253 265 258 235 227 226 208 204 195 181 196 147 153 139 126 120 120 113 98 100 89 74 61 58 53 65 55 57 42 31 28 30 26 29 17 15 18 19 20 22 16 14 
17 13 21 13 18 20 21 21 21 30 33 31 39 46 52 57 59 69 71 88 89 94 90 96 109 132 151 141 137 147 163 168 199 186 206 219 236 266 237 245 258 273 261 316 314 293 302 280 267 281 310 294 277 286 286 305 264 276 275 262 257 259 257 224 219 235 215 188 188 197 161 163 133 149 119 126 114 100 100 84 87 74 63 70 67 49 40 44 36 38 30 31 27 18 19 21 18 16 18 24 15 
13 17 20 17 21 22 29 30 28 24 35 40 39 48 51 52 58 66 78 86 98 89 98 104 124 135 134 154 174 179 177 182 196 191 205 233 223 244 251 284 273 271 252 319 337 290 302 313 296 299 307 319 311 308 280 310 292 308 295 292 264 271 255 263 240 244 218 213 203 184 189 168 147 142 140 126 118 107 113 91 86 78 65 62 69 57 45 43 39 47 37 30 28 27 24 21 19 19 19 17 17 
19 18 16 16 17 22 31 26 25 24 39 31 32 40 54 62 64 72 76 81 97 105 122 115 124 126 143 141 179 180 193 209 212 228 237 236 270 292 259 271 280 276 289 305 322 327 327 309 320 370 342 333 342 328 340 309 312 301 298 307 299 285 264 256 235 274 247 216 206 187 171 171 169 150 141 125 119 112 110 100 97 98 82 64 58 65 61 57 38 40 34 31 23 22 21 20 23 19 19 17 17 
14 20 19 22 27 29 26 29 32 30 31 32 42 45 48 64 67 80 73 86 93 119 133 122 128 142 144 147 174 177 186 203 221 224 240 230 253 271 287 315 322 305 294 307 318 320 307 344 324 340 349 361 349 318 338 315 348 315 323 322 307 284 287 240 249 262 269 234 214 220 188 184 158 164 162 147 124 124 106 108 102 94 96 72 61 66 48 65 58 44 37 32 24 24 29 23 33 19 21 21 19 
19 18 18 25 18 15 24 26 39 37 32 43 42 65 45 54 71 68 72 83 95 96 112 130 131 141 162 176 169 186 174 196 233 241 232 273 297 278 272 295 303 306 333 334 336 337 361 350 336 365 357 354 359 359 376 354 361 331 304 310 313 298 281 242 234 247 270 235 214 219 197 168 172 150 141 150 133 126 121 119 114 101 82 75 74 68 52 48 46 43 48 35 37 27 28 23 17 15 25 15 10 
24 22 23 29 21 27 37 27 30 45 47 49 43 46 45 62 73 73 97 98 81 99 115 138 128 126 161 173 183 205 214 227 240 226 237 266 291 303 312 320 327 325 327 336 364 344 359 352 370 341 367 357 347 379 394 361 353 336 337 317 309 280 288 294 283 290 284 240 260 232 194 180 207 168 157 155 143 133 123 111 101 85 74 74 80 74 69 51 47 44 41 38 38 30 26 24 28 18 23 20 14 
23 22 24 26 24 27 34 42 31 42 43 53 54 53 61 74 52 64 71 115 108 110 122 128 152 153 182 182 212 223 219 229 238 241 272 275 265 297 327 325 340 336 337 349 401 373 381 415 394 355 372 366 376 375 372 366 346 332 369 341 325 306 291 297 287 271 285 262 257 204 215 197 170 190 169 164 158 126 143 105 105 97 83 84 73 70 56 65 45 40 40 37 36 26 20 20 21 24 20 20 17 
16 23 20 19 20 23 26 34 27 41 38 40 51 57 63 76 70 84 71 105 111 110 129 135 171 165 184 178 203 215 221 232 234 233 264 299 300 271 322 321 333 350 345 363 376 379 381 419 355 382 395 389 411 411 403 392 392 379 367 362 352 315 279 312 305 280 278 264 273 235 218 203 190 213 165 159 143 120 135 126 98 92 90 76 69 67 58 53 43 36 40 37 38 34 31 31 20 22 18 22 16 
23 25 17 17 22 18 29 36 39 46 43 42 51 49 61 75 74 78 96 103 115 123 133 155 176 150 159 177 189 208 223 224 278 275 290 309 296 308 350 349 346 381 389 359 370 388 406 386 391 425 407 373 391 407 371 387 386 387 403 371 365 332 325 362 320 280 269 256 244 240 213 214 203 196 190 195 159 149 126 110 118 83 103 90 85 69 60 73 53 48 40 49 35 29 37 27 25 27 24 20 15 
31 19 17 24 26 22 32 38 46 40 40 41 56 61 67 79 94 83 105 103 105 126 132 140 158 160 179 205 196 220 243 251 268 277 290 296 298 333 318 336 355 404 405 368 414 413 413 395 406 415 402 415 442 398 403 455 394 357 354 348 354 332 330 335 302 283 297 260 240 239 236 211 207 194 181 156 154 122 116 123 117 111 104 81 92 84 65 72 48 52 39 45 33 36 32 30 22 33 33 26 27 
23 25 29 21 21 31 33 37 35 36 46 50 65 72 66 79 97 97 93 99 113 121 147 153 150 185 182 219 225 227 233 259 270 281 299 297 319 310 321 351 354 403 384 385 373 406 439 424 418 431 404 428 433 431 407 402 402 390 374 372 359 342 336 316 320 302 295 266 282 263 250 223 229 198 215 174 147 146 118 157 132 106 105 78 80 79 75 60 54 51 39 48 32 29 30 30 29 31 24 23 16 
29 20 23 22 19 31 27 34 32 39 38 56 59 56 79 76 87 102 96 110 115 117 146 161 170 175 207 199 227 228 249 273 310 297 298 303 331 350 370 368 337 363 404 398 427 404 411 449 446 479 413 421 400 409 417 408 430 437 418 377 383 352 352 314 307 291 294 301 252 237 244 245 227 194 201 181 175 153 122 132 121 106 115 88 82 73 68 56 61 51 36 40 29 30 35 34 26 18 18 14 27 
16 19 17 22 19 33 35 40 39 44 53 57 58 62 83 66 82 98 93 111 126 132 136 153 163 162 221 206 210 218 249 268 268 286 297 327 331 340 355 373 382 373 391 397 417 412 440 433 417 466 449 472 451 411 402 429 429 396 381 380 382 358 356 340 317 302 292 289 278 264 232 227 184 199 203 185 170 158 128 136 135 97 96 100 76 76 73 61 63 59 52 35 29 38 39 31 27 17 26 25 22 
25 26 18 18 32 34 20 33 39 50 57 52 54 57 75 86 94 107 118 121 127 136 126 175 186 201 198 215 224 236 230 249 264 287 292 331 310 342 386 375 382 378 378 393 427 430 449 457 460 455 439 456 481 432 460 442 415 392 406 426 418 389 369 367 342 312 317 284 279 269 241 235 212 221 179 179 173 186 141 127 149 129 112 99 84 80 75 76 57 59 54 43 39 45 39 28 26 30 23 23 28 
19 23 24 26 29 31 32 39 42 58 52 46 56 60 69 87 89 98 104 105 102 147 153 152 151 180 201 215 195 221 267 270 290 286 275 329 333 326 379 358 370 394 405 418 427 424 427 450 427 422 438 433 442 431 440 411 404 403 402 399 412 373 349 347 351 303 318 296 272 252 241 239 226 217 192 168 162 160 150 138 139 112 112 90 75 88 65 53 65 49 49 50 40 38 27 26 24 30 24 24 31 
21 22 27 37 28 31 42 37 50 44 44 57 51 71 65 72 90 104 106 116 129 142 155 152 163 189 186 208 227 247 272 263 278 293 307 341 338 354 392 372 413 429 409 382 407 439 426 449 423 460 459 433 439 467 422 447 401 391 415 421 389 381 370 329 365 338 306 302 283 276 258 253 248 217 208 183 181 149 138 140 124 112 100 101 87 90 80 54 57 36 40 43 40 37 30 28 30 22 25 23 30 
22 25 24 26 29 33 30 39 45 45 56 58 60 66 77 80 82 93 110 123 123 123 147 162 165 193 192 213 253 240 244 257 271 300 321 346 345 360 361 373 403 400 413 409 401 439 451 480 456 462 432 456 491 479 445 458 451 430 423 400 401 403 385 367 383 319 313 326 296 291 272 249 255 219 210 183 190 159 131 129 139 117 97 111 78 63 66 59 66 48 51 45 42 28 41 28 28 23 25 19 27 
25 22 23 22 19 34 37 41 48 44 50 56 75 75 81 66 76 97 102 123 123 150 146 176 195 196 208 237 249 260 274 297 275 294 329 368 362 374 356 375 418 427 423 429 399 453 479 440 452 487 473 458 450 492 426 419 440 427 430 420 379 406 389 350 345 318 301 289 299 265 259 240 224 216 204 185 172 168 155 161 151 122 105 104 77 79 75 74 72 65 56 50 45 35 41 34 31 28 31 31 26 
28 24 34 28 24 31 31 33 45 43 42 59 64 56 72 88 102 110 112 111 119 135 158 170 158 183 211 213 233 256 253 278 295 327 312 334 350 360 333 408 387 413 424 420 444 440 459 436 430 447 463 446 444 476 430 442 422 430 435 432 404 398 408 354 348 327 331 311 286 256 245 234 226 213 211 197 174 173 137 154 120 109 102 97 103 90 69 65 54 63 53 46 44 33 30 35 29 23 24 23 23 
27 21 22 19 23 37 24 29 42 35 37 70 50 57 62 81 89 84 121 105 109 122 148 175 182 193 215 224 231 233 252 262 286 310 297 332 346 374 375 391 365 406 410 412 426 436 432 463 429 434 443 428 461 469 461 433 422 387 420 392 403 406 396 358 367 352 305 318 291 281 242 240 215 206 196 198 166 160 144 149 125 112 101 87 85 78 75 61 55 49 46 48 36 37 32 36 31 25 23 20 19 
18 20 24 25 27 29 25 36 32 44 46 54 59 70 73 98 80 83 117 100 111 138 143 160 180 173 189 208 225 233 247 265 283 300 303 338 344 351 370 384 401 460 398 435 420 402 449 454 480 478 462 442 448 472 419 421 432 395 396 398 377 375 356 356 323 342 301 295 298 274 280 263 219 216 183 189 177 152 152 141 121 119 114 95 82 88 78 69 50 51 49 44 37 40 34 21 26 19 28 17 25 
23 19 22 17 25 26 34 41 43 49 47 46 62 71 73 78 93 93 115 126 121 146 148 155 159 161 199 206 205 227 261 257 268 283 301 332 367 340 364 395 412 417 381 419 424 401 434 441 456 471 442 450 441 471 483 430 405 397 375 410 387 348 360 374 320 298 302 279 286 254 260 238 207 211 206 183 183 169 153 137 116 105 96 100 96 73 57 58 53 53 47 47 44 37 20 25 31 29 21 20 25 
28 21 28 23 29 26 33 33 37 39 56 54 55 58 76 79 91 84 93 127 111 126 125 143 167 155 204 198 217 225 247 252 273 299 311 318 326 350 389 387 382 413 388 390 410 448 419 450 432 423 425 448 456 439 464 424 424 409 415 392 360 360 346 349 315 314 319 293 265 271 262 251 200 187 207 178 184 170 126 125 115 115 105 90 94 64 64 69 55 56 48 42 35 40 30 30 22 25 25 27 19 
19 21 21 31 36 26 28 43 37 35 55 56 64 55 84 81 85 93 107 111 122 136 156 162 164 161 181 199 201 250 238 257 281 294 287 322 342 351 341 334 354 381 387 395 372 405 406 409 448 415 427 444 441 403 413 406 396 402 415 383 387 350 339 323 289 327 318 300 282 259 243 228 216 209 199 176 170 154 137 138 123 109 103 91 97 67 65 62 38 50 40 40 45 36 30 20 29 19 17 20 19 
23 27 23 28 26 29 32 32 34 44 45 48 53 64 66 71 80 87 103 107 120 119 133 140 158 191 176 190 199 233 227 253 272 250 285 329 337 322 336 345 376 360 384 378 430 409 408 402 398 422 427 420 436 423 391 402 405 394 386 347 344 362 340 334 308 300 308 284 273 241 236 231 225 207 177 171 171 159 129 124 121 119 100 94 77 66 65 65 50 50 38 33 51 32 35 25 19 23 18 16 25 
18 16 19 26 28 33 33 33 35 36 43 42 53 56 74 82 80 101 88 113 120 117 140 140 157 169 175 173 199 225 241 253 253 278 318 292 319 321 331 340 366 345 396 404 414 385 402 421 434 430 425 379 416 432 379 381 370 420 387 371 337 357 361 321 295 301 296 286 266 241 254 224 202 195 187 170 158 129 142 131 114 105 90 105 89 79 63 60 53 52 42 26 40 42 29 25 14 23 26 22 13 
21 27 27 30 23 35 30 23 38 37 49 51 52 58 66 60 70 107 89 91 115 117 144 145 139 163 184 180 197 228 244 243 247 280 303 275 303 309 324 350 352 385 368 366 412 387 388 368 405 405 409 411 408 408 400 385 363 388 366 366 345 321 347 338 296 282 270 275 259 237 235 214 186 182 187 168 160 142 137 115 115 93 99 91 68 77 73 60 56 54 41 32 37 32 22 35 27 16 27 22 28 
20 19 18 24 28 27 27 24 37 32 50 50 50 48 58 69 92 84 80 104 117 107 137 144 141 176 187 178 177 229 234 202 237 255 275 270 313 302 305 331 349 359 395 363 380 391 372 393 397 419 381 394 398 399 367 374 396 381 362 341 335 348 338 336 314 282 286 258 250 226 214 228 187 197 175 149 140 146 119 122 109 89 99 84 73 80 70 55 61 46 45 43 37 45 29 36 33 23 18 20 20 
28 23 21 20 23 21 31 29 28 31 30 43 47 61 70 72 74 88 99 108 115 107 122 139 147 166 180 182 187 211 229 229 226 245 267 250 271 301 294 315 330 325 364 363 366 407 387 382 390 391 383 394 367 420 377 362 372 381 371 358 338 328 314 298 312 230 253 247 250 233 216 188 180 178 170 165 121 129 127 113 118 99 88 75 63 63 59 57 49 46 39 33 33 30 26 30 29 21 18 18 15 
20 23 20 17 19 22 32 46 34 33 28 44 37 52 63 78 71 76 91 92 108 123 110 119 156 139 160 207 197 204 195 231 244 244 268 276 286 317 281 308 313 309 335 345 351 335 346 353 373 389 355 370 379 390 382 360 340 350 349 319 326 303 314 302 309 266 278 257 243 241 227 191 199 171 153 140 142 123 123 101 100 85 84 95 79 58 63 60 47 42 37 42 31 28 22 18 30 19 11 17 21 
13 21 24 22 25 21 27 28 33 30 32 45 54 53 57 61 60 68 82 79 98 120 117 112 135 157 148 181 183 178 189 217 216 231 266 250 289 308 277 298 342 334 349 318 350 342 352 356 347 351 352 356 348 359 355 318 339 320 321 309 327 290 314 292 277 256 264 246 203 210 178 182 183 193 176 140 138 127 119 110 94 95 92 93 92 57 62 47 40 47 37 37 29 35 22 21 22 26 19 15 12 
13 15 18 18 23 28 19 27 31 36 39 39 47 51 60 67 56 73 86 100 98 122 99 111 142 154 153 161 150 178 182 195 228 238 253 271 292 283 277 296 295 299 315 346 326 336 332 334 332 326 331 349 329 319 351 318 353 311 315 306 315 297 258 254 273 246 225 228 198 228 196 193 161 156 167 136 120 118 108 105 88 94 74 68 76 61 61 45 32 39 29 33 29 33 31 20 25 27 18 15 16 
17 14 21 17 18 24 20 24 21 26 37 38 46 46 63 63 67 68 83 96 105 104 108 125 126 129 134 137 154 179 196 189 216 218 217 220 256 258 262 296 300 291 310 324 303 341 325 355 335 319 320 330 338 328 342 345 338 306 286 285 279 276 276 273 261 232 229 245 233 195 179 196 174 145 129 133 126 109 92 85 96 83 76 65 69 58 58 51 47 36 31 33 29 26 23 20 25 17 19 19 18 
15 15 17 16 21 21 24 23 38 27 30 33 40 52 49 54 57 55 73 83 99 90 101 114 132 132 134 147 147 161 187 170 190 184 219 217 237 260 254 252 286 295 290 294 285 304 318 297 282 314 327 299 314 342 331 322 289 280 291 265 254 285 263 234 245 214 222 191 198 187 180 171 147 141 138 128 133 112 96 89 106 87 82 53 58 58 54 46 41 37 30 23 28 32 24 18 22 14 16 14 13 
15 21 18 13 19 26 26 25 26 25 29 40 33 38 44 50 65 71 68 78 82 87 74 81 112 118 132 143 149 157 176 195 175 191 222 243 230 245 259 240 258 264 270 296 283 281 326 290 281 293 303 299 294 294 262 278 288 281 278 257 255 267 255 229 220 184 202 190 191 164 168 157 143 135 134 127 104 101 103 102 85 69 77 55 54 50 43 33 37 42 26 28 23 21 22 21 27 20 11 12 20 
12 16 15 16 17 16 15 24 23 35 25 26 37 33 40 52 56 59 70 65 78 97 90 113 120 121 123 127 148 146 157 184 170 206 191 210 212 250 232 241 238 255 231 259 259 266 284 300 287 291 284 302 284 281 277 285 254 270 255 262 210 216 221 189 208 202 203 203 191 174 165 169 143 129 133 122 105 102 94 92 83 73 73 57 54 50 50 41 42 37 36 30 20 25 12 17 22 15 15 14 15 
15 8 12 11 19 21 22 17 22 29 31 28 29 31 30 45 54 56 61 66 68 93 93 98 108 104 111 134 131 138 153 166 164 184 191 195 189 223 228 242 210 239 227 239 251 234 263 275 264 275 273 269 241 259 270 286 256 273 250 223 225 234 250 189 196 189 174 198 170 154 162 141 134 119 106 101 111 92 92 69 72 67 61 65 58 43 44 37 36 29 31 32 24 24 15 11 23 18 19 15 15 
12 18 16 12 19 13 19 18 19 30 28 26 31 33 33 41 39 63 56 72 73 78 86 88 113 88 119 131 137 140 149 153 151 155 187 180 208 213 215 215 212 210 223 230 244 233 254 254 279 264 257 257 237 234 236 261 248 224 245 220 254 219 228 196 208 195 180 185 164 138 153 142 126 131 109 119 94 84 88 72 65 68 59 47 49 42 33 30 32 38 33 26 19 27 23 13 16 16 12 12 18 
17 15 12 16 16 18 18 22 16 17 25 28 35 39 33 40 48 56 49 66 57 53 89 85 95 104 120 115 109 114 136 142 137 159 173 184 189 208 185 205 208 210 222 221 245 236 242 249 247 231 240 239 247 225 235 218 230 207 238 211 225 198 204 200 181 180 170 159 146 131 138 147 135 134 107 100 100 97 94 77 51 70 63 49 46 46 47 44 34 34 24 19 13 16 18 16 21 13 14 10 16 
16 12 9 6 11 14 15 29 18 22 21 29 34 35 30 33 62 67 58 53 73 62 77 71 73 92 95 99 112 132 114 139 138 158 142 170 167 179 170 198 212 214 202 214 224 219 220 212 236 229 245 231 226 228 239 229 191 198 230 200 194 192 187 188 197 169 179 177 145 127 131 119 121 107 98 92 78 76 75 75 65 55 48 49 41 34 40 29 27 33 24 26 15 17 16 14 13 11 12 14 15 
12 6 16 12 17 17 9 26 19 22 17 30 26 25 35 39 40 42 43 53 62 58 56 75 81 74 83 98 98 108 110 133 132 150 142 148 177 178 193 192 190 205 189 191 192 195 220 232 219 187 217 216 216 217 208 217 211 215 191 216 193 179 192 167 162 168 153 124 135 126 102 112 112 102 95 83 76 90 74 68 58 56 51 42 34 35 35 33 27 28 22 21 18 22 13 18 13 15 14 14 13 
9 8 12 11 16 23 15 18 14 17 19 28 30 31 38 35 30 42 36 58 43 51 56 65 75 84 77 87 99 93 114 103 113 134 134 141 165 158 164 176 178 171 165 182 165 169 200 203 211 172 197 202 197 199 199 206 200 174 164 196 180 174 181 150 138 136 132 122 117 115 105 101 99 102 99 84 79 75 69 63 56 54 42 44 50 32 28 31 29 28 20 22 18 16 6 11 13 8 13 9 12 
12 9 10 11 6 15 11 18 17 19 19 19 13 25 36 35 45 39 46 59 49 65 57 65 69 77 75 89 94 76 114 118 124 116 109 131 155 156 156 170 174 163 173 192 185 175 188 181 195 178 188 178 170 179 165 173 177 152 171 168 148 151 158 158 130 125 128 123 107 108 112 96 95 70 93 83 67 77 58 53 49 48 48 33 41 33 30 25 26 24 16 13 17 17 17 11 16 13 9 11 11 
8 9 11 9 10 5 12 14 18 19 17 19 25 29 27 29 39 40 36 40 43 47 49 55 68 81 79 80 83 91 103 106 107 118 121 126 127 133 143 156 143 176 169 152 167 169 176 172 167 185 182 184 176 159 183 157 161 157 149 153 133 155 142 139 134 149 120 102 118 129 117 90 81 75 86 70 64 64 50 72 56 46 48 38 32 30 30 21 17 17 21 17 17 17 11 10 7 10 9 11 7 
8 8 8 9 11 6 6 11 17 15 14 18 15 18 20 29 28 34 41 35 53 58 60 59 73 81 73 71 79 89 90 84 99 109 116 117 133 140 127 135 120 146 157 154 136 147 154 163 149 180 150 149 158 147 158 148 144 133 143 145 139 146 128 127 124 128 90 109 118 103 100 90 83 66 68 72 57 53 58 47 54 43 39 32 32 26 19 20 21 24 15 20 25 9 18 11 5 6 12 13 7 
11 4 9 10 11 8 14 13 15 18 13 16 16 19 20 31 24 23 33 48 43 47 46 43 56 66 66 64 72 68 83 80 101 97 113 104 118 115 109 122 127 133 140 139 131 137 154 150 138 140 139 142 159 162 159 137 150 135 132 144 136 120 130 127 116 108 95 85 111 92 79 85 74 67 62 67 47 47 50 34 41 35 30 29 28 34 27 20 15 16 18 11 14 8 10 8 12 7 8 6 8 
8 9 11 8 13 8 13 10 15 11 14 15 21 15 15 19 26 25 32 35 31 39 36 49 45 45 63 59 67 66 68 66 82 100 111 106 108 109 113 111 114 116 117 117 129 149 149 133 132 141 129 134 126 141 133 132 136 128 117 131 135 122 111 99 105 100 80 89 89 95 97 69 58 64 70 53 54 52 55 42 37 28 22 25 19 22 21 16 17 16 16 13 13 6 7 13 11 6 7 6 8 
6 5 7 6 8 7 8 8 12 16 19 15 20 26 21 23 23 24 31 23 35 36 36 47 48 41 53 57 54 61 70 73 72 76 92 104 99 99 100 98 116 106 95 101 117 131 135 125 122 135 126 128 113 135 124 109 113 107 106 104 108 102 98 99 79 98 82 89 70 72 90 68 67 54 58 45 44 50 59 40 32 33 30 27 28 29 20 20 18 16 15 14 12 11 10 10 6 6 5 8 5 
6 7 4 2 7 6 9 11 8 13 9 14 15 20 19 26 21 22 25 32 40 33 36 44 39 45 49 55 51 45 63 66 68 75 72 91 102 96 90 99 106 93 99 106 107 107 127 118 102 110 123 118 115 107 104 120 117 112 111 82 100 114 106 91 88 101 91 65 79 69 67 65 50 49 46 56 54 48 36 26 32 30 29 22 27 16 20 17 11 13 12 20 13 6 10 8 6 5 5 10 4 
6 5 6 8 7 8 6 10 11 14 11 8 13 20 15 17 22 22 22 30 27 30 28 33 32 42 32 46 55 49 58 60 59 86 74 75 76 81 75 85 80 93 93 93 95 97 100 102 113 127 98 114 115 97 105 102 96 100 93 92 99 93 68 80 80 75 88 70 81 84 53 48 43 60 42 57 44 41 34 26 31 34 24 17 22 16 14 15 8 13 7 13 6 6 7 8 9 6 1 9 7 
4 4 5 6 7 3 3 6 9 11 13 14 18 16 17 23 20 23 25 31 35 29 31 39 33 38 42 32 52 55 62 53 69 60 68 71 74 68 79 83 81 82 85 96 74 84 89 106 99 97 79 84 95 97 105 86 74 90 94 95 86 77 73 71 74 73 65 57 63 56 53 49 44 54 49 34 34 33 31 32 26 17 21 23 22 22 16 17 13 17 13 14 10 7 10 5 5 4 4 5 8 
4 5 5 6 9 11 6 9 14 5 11 13 11 10 22 14 14 19 22 23 20 22 34 31 33 39 45 37 39 51 57 54 60 52 60 49 81 65 81 75 69 88 84 88 93 94 78 85 80 94 95 88 102 87 83 108 80 78 87 74 79 76 70 71 71 75 60 54 60 56 54 51 52 38 35 35 26 29 26 21 22 22 28 23 22 12 12 17 11 13 9 7 5 6 8 8 5 3 3 2 3 
6 5 3 4 6 4 4 9 8 5 9 12 9 10 16 16 16 17 17 25 24 15 33 22 26 32 36 36 31 39 45 49 50 48 44 50 77 51 58 69 64 68 66 69 68 66 67 70 78 76 91 77 77 97 91 81 67 70 71 65 67 66 59 68 54 64 48 52 55 53 53 40 34 34 31 27 28 32 26 27 28 17 14 16 10 7 10 17 10 10 8 11 8 10 6 8 4 3 6 2 3 
5 4 4 7 7 5 4 3 6 5 5 6 9 8 7 12 18 20 20 16 20 21 22 18 39 31 34 29 46 38 41 49 47 45 54 62 63 63 55 51 63 62 70 81 70 65 75 58 77 74 67 64 84 79 70 87 78 52 69 67 67 67 56 54 46 48 57 50 41 46 42 43 35 28 30 27 28 24 25 21 24 19 19 17 12 13 11 12 9 8 6 4 3 9 5 5 6 4 3 4 4 
0 5 4 5 5 6 4 6 5 8 10 10 10 7 15 5 10 15 21 14 19 23 20 26 28 28 28 21 31 48 36 40 32 42 39 50 49 50 52 50 52 51 59 66 54 49 72 68 62 65 59 55 60 64 57 59 54 48 64 59 52 52 47 54 53 42 48 38 30 35 37 39 37 38 39 26 23 19 24 19 22 13 21 18 12 19 8 11 9 11 6 5 6 7 5 3 5 3 3 4 3 
4 5 4 4 5 5 2 3 6 8 6 9 6 12 10 10 12 13 14 14 14 17 18 28 20 23 17 32 27 39 26 32 35 37 39 43 52 53 51 54 47 58 55 52 50 47 64 68 62 74 66 61 66 60 54 62 50 55 48 44 57 50 34 47 49 42 37 33 36 29 39 30 29 25 26 23 26 26 18 21 19 10 10 12 9 8 5 9 4 7 3 4 5 4 5 4 1 5 5 6 6 
3 2 5 1 3 3 3 3 5 4 5 6 4 9 6 7 14 15 12 18 15 22 20 23 16 25 25 37 29 31 35 32 32 29 35 41 42 38 46 41 45 57 46 46 62 49 35 54 48 58 52 52 54 45 55 53 45 53 50 50 51 32 33 41 52 54 32 32 36 28 29 30 26 23 29 22 13 20 20 22 13 7 17 15 8 10 6 10 7 9 5 2 4 3 3 2 2 3 4 3 4 
2 4 4 4 5 2 4 2 5 4 2 2 2 5 8 11 10 12 15 13 15 18 20 14 13 16 25 29 28 21 22 19 27 39 33 38 27 41 39 31 36 44 44 41 47 45 44 43 46 52 47 42 47 55 43 38 45 39 40 45 45 41 41 35 46 29 31 31 35 29 22 25 25 17 21 21 14 17 13 7 13 12 11 12 10 8 5 5 5 4 5 2 4 1 2 3 4 1 3 3 3 
1 2 2 5 5 3 4 3 6 7 6 6 3 8 10 9 10 7 6 10 16 11 21 11 19 22 17 18 26 24 27 22 26 30 36 29 34 36 25 27 41 53 41 40 41 37 47 50 47 50 45 36 43 43 43 38 38 41 38 42 39 39 29 29 39 32 30 18 30 30 27 22 19 18 19 19 18 14 12 13 12 7 5 12 11 9 6 3 6 6 5 3 4 4 6 5 4 5 2 1 2 
1 1 3 4 2 4 3 4 2 3 4 7 8 6 5 5 9 5 12 10 16 13 12 13 21 18 10 18 19 22 19 20 18 27 38 29 31 31 26 27 34 31 34 40 35 40 41 37 37 48 35 27 41 46 33 41 42 37 32 30 38 31 34 39 34 26 22 26 24 26 23 18 25 20 18 27 13 16 12 16 9 14 11 12 6 6 6 5 6 9 4 3 3 3 2 1 3 1 3 2 1 
1 1 2 0 1 3 5 6 4 6 1 3 5 3 6 5 1 2 9 4 11 11 12 11 16 19 15 15 20 19 20 26 15 16 23 32 28 30 23 29 33 35 38 33 29 31 32 38 44 44 32 29 38 35 37 31 27 30 26 39 23 27 31 29 26 28 21 26 19 23 16 15 12 11 21 24 16 15 13 11 11 12 4 6 4 7 7 6 4 5 5 3 3 2 1 1 2 2 2 1 2 
3 2 3 2 2 1 2 2 1 5 6 4 8 5 6 5 9 6 9 8 8 10 11 11 14 15 15 15 23 27 16 19 19 30 26 26 17 18 31 36 31 35 30 30 28 27 29 26 32 33 38 41 35 40 37 33 24 28 31 38 26 27 24 23 32 32 19 24 15 23 19 19 15 16 16 12 8 8 15 9 8 6 5 5 3 4 5 4 3 7 6 7 3 1 2 2 0 3 0 1 3 
2 1 0 2 1 4 3 1 3 5 5 4 4 6 5 7 5 2 7 14 10 7 11 14 16 14 12 8 11 9 14 12 20 22 20 24 25 19 22 25 22 25 21 18 23 28 28 30 30 34 32 30 24 28 22 34 29 25 33 26 18 25 23 19 28 20 18 16 20 20 17 21 17 16 13 17 12 11 14 7 11 7 4 5 3 6 2 3 2 3 3 6 3 3 1 2 1 2 1 0 2 
0 1 1 1 3 2 2 3 5 3 3 1 6 6 6 6 2 6 7 9 12 6 7 7 8 8 10 13 19 10 16 19 27 25 26 26 17 20 20 26 22 29 30 23 22 27 31 31 33 31 26 30 27 31 24 30 35 30 30 20 15 20 24 19 23 26 24 20 20 14 12 21 20 12 11 14 12 9 10 5 5 4 7 6 5 7 7 4 2 5 2 3 2 1 1 1 0 1 0 0 3 
1 2 0 2 4 3 3 4 3 4 1 3 3 1 2 2 7 5 11 4 6 10 11 9 9 13 13 14 9 10 15 13 16 22 17 15 22 22 20 21 14 22 27 26 28 27 24 20 36 31 28 30 24 34 25 31 31 30 22 25 25 23 17 16 22 21 18 14 20 16 15 11 14 10 13 11 9 9 12 7 5 7 4 6 6 3 3 3 4 2 2 1 1 1 2 0 0 1 1 3 1 
1 1 1 2 2 1 1 4 1 2 0 3 2 6 7 4 5 4 5 5 9 3 4 7 7 9 9 10 9 13 12 15 15 22 15 17 19 21 20 24 17 19 19 18 23 19 20 25 36 23 29 19 20 26 22 27 25 25 18 26 19 17 17 14 25 18 21 14 21 22 12 10 7 13 14 9 11 8 9 6 10 9 5 6 4 5 4 1 3 2 1 1 1 3 1 0 1 1 1 0 0 
2 1 0 1 0 3 2 2 2 4 1 2 2 2 3 1 3 2 4 6 7 6 5 7 11 6 6 10 13 15 9 12 18 16 20 27 14 18 31 29 20 21 25 21 23 16 27 29 29 22 25 23 23 24 34 23 26 25 15 25 21 24 19 16 28 13 19 19 18 20 17 17 13 11 15 13 11 13 9 6 6 6 7 6 2 4 7 3 3 2 2 0 1 1 2 0 1 1 2 1 1 
1 2 0 0 3 2 2 2 2 4 1 4 4 1 1 3 4 4 5 2 3 6 7 11 10 7 9 9 13 16 18 15 12 14 25 19 15 13 21 21 16 26 17 26 27 24 14 22 31 22 25 23 21 19 22 24 22 21 23 15 21 24 21 22 22 18 13 15 10 10 15 8 8 6 13 12 10 7 10 6 7 9 5 6 8 2 4 6 2 4 1 4 1 0 0 2 0 0 1 0 2 